# R script for Peak Model
#  -- generated by MACS
p <- c(0.0379288967426,0.0445920813055,0.0498884587786,0.0564540142636,0.06250701709,0.0629219406708,0.0627022752457,0.0630683842876,0.0625314243594,0.0624093880121,0.0624093880121,0.0624093880121,0.0637761951019,0.0638494169103,0.063727380563,0.0632880497127,0.063727380563,0.0642155259522,0.0639226387187,0.0637029732936,0.0643863768385,0.0642643404912,0.0635809369463,0.0631904206349,0.0637517878325,0.0643375622996,0.0634833078684,0.0626534607067,0.0628731261319,0.0624093880121,0.0620188717007,0.0613842826948,0.0620676862397,0.0623361662037,0.0621653153175,0.0623849807427,0.0626534607067,0.06250701709,0.0626290534373,0.0638494169103,0.0638494169103,0.0640690823355,0.0639958605271,0.0642643404912,0.0643863768385,0.0643131550301,0.0642155259522,0.0644107841079,0.0647280786109,0.0633368642516,0.0637517878325,0.0640934896049,0.0636297514852,0.0627999043235,0.0624093880121,0.0626046461678,0.0627266825151,0.0628731261319,0.0628487188624,0.0635077151379,0.0629219406708,0.0628975334013,0.0632392351738,0.0633368642516,0.0641423041439,0.0637517878325,0.0640202677966,0.0639226387187,0.0633856787906,0.0628487188624,0.0629707552097,0.0628975334013,0.0629219406708,0.0635565296768,0.0635809369463,0.06341008606,0.0628731261319,0.0631660133654,0.0634833078684,0.0642887477606,0.0645572277247,0.0644595986469,0.064679264072,0.0637761951019,0.0632392351738,0.0638494169103,0.0645816349942,0.0638982314493,0.063727380563,0.0633856787906,0.0624337952816,0.0620432789702,0.0619700571618,0.062824311593,0.0630439770181,0.0633368642516,0.0630439770181,0.0637517878325,0.0634833078684,0.0640690823355,0.0648989294972,0.0653382603475,0.065313853078,0.0649233367666,0.0647036713415,0.064044675066,0.0636053442157,0.0637029732936,0.0638738241798,0.0641911186828,0.0637517878325,0.0635077151379,0.0631660133654,0.0630439770181,0.0631660133654,0.0639714532576,0.0642643404912,0.0637761951019,0.0641178968744,0.0635809369463,0.0637029732936,0.0639226387187,0.0645328204552,0.0645084131858,0.0637761951019,0.0630195697487,0.062775497054,0.0633856787906,0.063458900599,0.0637029732936,0.0637517878325,0.0642887477606,0.0641911186828,0.0648745222277,0.0650697803834,0.0655335185032,0.0670223619403,0.0673640637127,0.0668515110541,0.0666806601678,0.0659728493535,0.0656555548505,0.0645572277247,0.0645572277247,0.064996558575,0.0655335185032,0.064996558575,0.0645328204552,0.0644595986469,0.0643863768385,0.0648501149582,0.0648013004193,0.0662901438564,0.0658264057367,0.0656555548505,0.0651430021918,0.0651430021918,0.0655091112337,0.066265736587,0.0664854020121,0.0671932128265,0.0669979546708,0.0659728493535,0.0658264057367,0.0667294747067,0.0662413293175,0.0654602966948,0.0652650385391,0.0656067403115,0.0657531839283,0.0659240348145,0.0668759183235,0.067168805557,0.067852209102,0.0670467692097,0.0667782892457,0.0664365874732,0.0654114821558,0.0651674094612,0.0648013004193,0.0646548568026,0.0632148279043,0.0632636424433,0.0625802388984,0.0637517878325,0.0649233367666,0.0660704784313,0.0670955837487,0.0668271037846,0.0673884709822,0.067217620096,0.0684867981079,0.0685600199163,0.0695363106948,0.0685600199163,0.068120689066,0.0684623908385,0.0679986527187,0.0687308708026,0.0686332417247,0.0686332417247,0.0680474672576,0.06748610006,0.0674372855211,0.067534914599,0.0669735474014,0.0665342165511,0.067168805557,0.0671932128265,0.0677301727547,0.0685844271858,0.0694630888864,0.0698047906588,0.0692678307307,0.0696339397726,0.0708787105151,0.0714644849822,0.0710495614014,0.0709519323235,0.0704881942038,0.0698291979283,0.0694874961559,0.0696583470421,0.0700488633535,0.0705858232816,0.0700488633535,0.0697803833894,0.0704881942038,0.0706346378205,0.0698047906588,0.0699024197367,0.0708787105151,0.0713668559044,0.0714888922517,0.071293634096,0.0717573722157,0.0721722957966,0.0720990739882,0.072562812108,0.0728556993415,0.0735146956169,0.0726116266469,0.0723187394133,0.0736123246948,0.0742957282397,0.0745886154732,0.0743689500481,0.0745642082038,0.075052353593,0.0759798298325,0.0761262734493,0.0768096769942,0.0764923824912,0.0763703461439,0.0758333862158,0.0749791317846,0.0751743899403,0.0749303172457,0.0736123246948,0.0754184626349,0.0753940553655,0.0746862445511,0.0756381280601,0.0750279463235,0.075686942599,0.0770293424193,0.077590709617,0.077859189581,0.0783961495092,0.077273415114,0.0771513787667,0.0779568186589,0.0780300404673,0.0789087021679,0.0787622585511,0.0783717422397,0.0777371532337,0.0787866658205,0.0799582147547,0.0790551457846,0.0793236257487,0.0802022874493,0.0805439892217,0.0801778801798,0.0804219528744,0.0799582147547,0.0796897347906,0.0794944766349,0.0790795530541,0.0803487310661,0.0814714654613,0.0813738363834,0.0816423163475,0.0821548690062,0.0823257198924,0.0832776034014,0.0833264179403,0.0834972688265,0.0834972688265,0.0837413415212,0.0845955959523,0.0858647739643,0.0874512464793,0.0894282353056,0.0900872315811,0.0936506929224,0.0987762195092,0.102168829964,0.105976364,0.110150007078,0.113371766647,0.115373162743,0.118497293234,0.120230209366,0.122792972659,0.123720448898,0.123061452623,0.123134674431,0.12455029606,0.123915707054,0.124769961485,0.125282514144,0.125160477797,0.126454063078,0.127601204743,0.127527982934,0.127894091976,0.127503575665,0.126722543042,0.126795764851,0.125550994108,0.125502179569,0.126405248539,0.125624215916,0.126429655809,0.126771357581,0.127503575665,0.128138164671,0.128113757402,0.129041233641,0.130188375306,0.130530077078,0.13092059339,0.132433844096,0.132507065905,0.134410832922,0.13453286927,0.136241378132,0.136485450827,0.136998003485,0.137486148875,0.138950585042,0.139121435928,0.13907262139,0.138706512348,0.138096330611,0.137779036108,0.137388519797,0.138193959689,0.138633290539,0.139194657737,0.138755326887,0.138315996036,0.138218366958,0.139121435928,0.139267879545,0.141196053833,0.143026599042,0.14358796624,0.144417813402,0.14402729709,0.145467325988,0.145979878647,0.146882947617,0.146663282192,0.146907354887,0.145882249569,0.144710700635,0.145369696911,0.144393406132,0.144905958791,0.143417115354,0.143441522623,0.142782526348,0.144881551521,0.14405170436,0.144905958791,0.145662584144,0.145272067833,0.146492431306,0.145809027761,0.147029391234,0.14812771836,0.149348081833,0.148298569246,0.150055892647,0.149836227222,0.149885041761,0.150202336264,0.150763703461,0.151666772432,0.152008474204,0.152496619593,0.151227441581,0.151227441581,0.151544736084,0.151764401509,0.150910147078,0.151520328815,0.150983368887,0.150910147078,0.151325070659,0.151886437857,0.152032881473,0.153350874024,0.15261865594,0.153594946719,0.155132604695,0.154400386611,0.156133302743,0.156621448132,0.156352968168,0.155620750084,0.156914335366,0.157719775258,0.159281840503,0.160380167629,0.160673054863,0.162820894575,0.162332749186,0.16352870539,0.164090072587,0.165456879677,0.166481984994,0.164846697941,0.165408065138,0.165017548827,0.164480588899,0.165188399713,0.165798581449,0.165286028791,0.165725359641,0.164358552551,0.163601927198,0.16577417418,0.164627032515,0.164578217976,0.165212806982,0.16440736709,0.163089374539,0.162942930923,0.162942930923,0.163772778084,0.164895512479,0.164553810707,0.165383657869,0.166067061414,0.167189795809,0.168068457509,0.169264413713,0.169117970096,0.16894711921,0.169972224527,0.169825780911,0.169557300947,0.169240006444,0.168678639246,0.168336937473,0.168166086587,0.16760471939,0.167653533929,0.16850778836,0.168458973821,0.16760471939,0.167067759461,0.166921315845,0.166604021342,0.166750464958,0.16533484333,0.166067061414,0.16714098127,0.166067061414,0.165652137833,0.1662379123,0.165945025066,0.165017548827,0.166970130384,0.167092166731,0.168385752012,0.16848338109,0.168263715665,0.169362042791,0.16987459545,0.169337635521,0.169508486408,0.170338333569,0.168800675593,0.167922013893,0.166970130384,0.166262319569,0.165920617797,0.165237214252,0.164260923473,0.163626334467,0.16350429812,0.163406669042,0.162503600072,0.162454785533,0.162528007342,0.163138189078,0.163113781809,0.162894116384,0.162039861952,