# R script for Peak Model
#  -- generated by MACS
p <- c(0.0355034028955,0.0415907419956,0.0480425924191,0.0540934803869,0.0593788945757,0.0599985638254,0.0602901728841,0.0609827443985,0.0615295113835,0.0625136919566,0.0621856317656,0.0617846693099,0.0619304738392,0.0615295113835,0.0627323987506,0.0621856317656,0.0613108045895,0.0609098421338,0.0616024136482,0.0611285489278,0.0612379023248,0.0620398272362,0.0616753159129,0.0619304738392,0.0619304738392,0.0623678874272,0.0633885191327,0.0630604589416,0.0628782032799,0.0628053010153,0.0628782032799,0.0626230453536,0.0627688498829,0.063643677059,0.0628782032799,0.0621127295009,0.0610191955308,0.0617117670452,0.0618211204422,0.0605088796781,0.0599256615607,0.059634052502,0.0598163081637,0.0592695411787,0.0600714660901,0.0614566091188,0.0607275864721,0.0603630751487,0.0599985638254,0.0609827443985,0.0613472557218,0.0612379023248,0.0600714660901,0.0603266240164,0.0602172706194,0.0586498719289,0.059962112693,0.0605088796781,0.0609827443985,0.0605453308104,0.0606546842074,0.0612379023248,0.0618575715745,0.0611285489278,0.0616388647805,0.0628782032799,0.0631698123386,0.0641175417794,0.0638259327207,0.0640446395147,0.0641175417794,0.0647736621614,0.0645914064997,0.0655026848082,0.0649194666908,0.0652110757495,0.0649194666908,0.0632791657356,0.06397173725,0.0643362485734,0.0643362485734,0.0637165793237,0.0640446395147,0.0636801281913,0.0633520680003,0.0627688498829,0.0622220828979,0.0622585340302,0.0609462932661,0.0602172706194,0.0609827443985,0.0607275864721,0.0613837068542,0.0612379023248,0.0607275864721,0.0615295113835,0.0620762783685,0.0618940227069,0.0626594964859,0.0636801281913,0.0636072259267,0.063315616868,0.0621491806332,0.0623314362949,0.0631333612063,0.0619304738392,0.0620033761039,0.0626230453536,0.0622220828979,0.0614201579865,0.0599256615607,0.059852759296,0.0597798570314,0.0591237366493,0.059524699105,0.059634052502,0.059524699105,0.0590143832523,0.0599256615607,0.0605453308104,0.0615659625158,0.0626959476183,0.0632427146033,0.0634978725297,0.0625501430889,0.0631698123386,0.0631698123386,0.0634614213973,0.0631698123386,0.063534323662,0.0645914064997,0.0644091508381,0.0651381734848,0.0656484893375,0.0663046097195,0.0668878278369,0.0664139631166,0.0660494517932,0.0650288200878,0.0645914064997,0.0636072259267,0.0624043385596,0.0626230453536,0.0624043385596,0.0634978725297,0.0626594964859,0.0630604589416,0.0625501430889,0.0636072259267,0.0636072259267,0.0633520680003,0.0638988349854,0.0628053010153,0.0625865942213,0.0615295113835,0.0618575715745,0.0621127295009,0.0629146544123,0.0632791657356,0.0633520680003,0.0644820531027,0.0649923689554,0.0653568802788,0.0665597676459,0.0665962187782,0.0663046097195,0.0660494517932,0.0657578427345,0.0650652712201,0.0645185042351,0.0645914064997,0.0646278576321,0.0645549553674,0.0641539929117,0.0647736621614,0.0661588051902,0.0664868653812,0.067543948219,0.068418775395,0.0698768206885,0.0696216627621,0.0696216627621,0.0699497229532,0.0700226252178,0.0702413320119,0.0699497229532,0.0702413320119,0.0705329410705,0.0699132718208,0.0696945650268,0.0696945650268,0.0705329410705,0.0710432569233,0.0708610012616,0.0700590763502,0.0700955274825,0.0710432569233,0.0707151967322,0.0706787455999,0.0711526103203,0.0712255125849,0.0707880989969,0.0712984148496,0.0719545352317,0.0734125805251,0.0738499941131,0.0738864452455,0.0736312873191,0.0742509565688,0.0743603099658,0.0747977235539,0.0741051520395,0.0735948361868,0.0732303248634,0.0723919488197,0.0728293624077,0.0729387158047,0.0744696633629,0.0750893326126,0.0755631973329,0.0754538439359,0.0761828665827,0.0762557688473,0.076219317715,0.0771670471557,0.0762922199797,0.076109964318,0.0755267462006,0.0749435280832,0.0741416031718,0.0743603099658,0.0753080394066,0.0756360995976,0.0761464154503,0.0755631973329,0.076000610921,0.0753080394066,0.0747612724215,0.0750893326126,0.0748341746862,0.0746883701569,0.0743238588335,0.0742145054365,0.0733761293928,0.0739228963778,0.0743238588335,0.0743967610982,0.0751986860096,0.0746883701569,0.0745061144952,0.0748341746862,0.0749435280832,0.0754538439359,0.0765838290384,0.075781904127,0.07567255073,0.076000610921,0.0760370620533,0.075891257524,0.0769483403617,0.0774951073468,0.0781876788611,0.0783334833905,0.0781512277288,0.0796821752869,0.0791718594342,0.0803018445366,0.0799373332133,0.0810673183157,0.0809579649187,0.0804111979337,0.0800466866103,0.0800466866103,0.0816140853008,0.0816140853008,0.0825253636092,0.0821973034181,0.0823431079475,0.0821244011535,0.0827076192708,0.0828534238002,0.0831085817265,0.0837282509763,0.0834001907852,0.0825982658738,0.0828534238002,0.0833637396529,0.0835824464469,0.0838376043733,0.0841656645643,0.0841656645643,0.0845301758876,0.0835095441822,0.0832179351235,0.0848217849463,0.0843843713583,0.0838376043733,0.0850404917404,0.0851862962697,0.0856601609901,0.0867172438278,0.089123018562,0.0911278308405,0.093241996516,0.093351349913,0.096923560882,0.102792193188,0.105963441701,0.111321758155,0.115440736109,0.120689699165,0.122803864841,0.124954481648,0.126813489398,0.129948286779,0.131807294528,0.131151174146,0.132281159248,0.132900828498,0.13231761038,0.131151174146,0.131041820749,0.132281159248,0.13293727963,0.134869189644,0.133119535292,0.132900828498,0.132572768307,0.131187625278,0.132390512645,0.132900828498,0.133702753409,0.134759836247,0.135343054364,0.134869189644,0.136874001922,0.137603024569,0.137967535893,0.139243325524,0.140227506097,0.141539746861,0.142888438758,0.143581010272,0.144455837448,0.144893251036,0.143981972728,0.143653912537,0.143690363669,0.143435205743,0.141284588935,0.140701370818,0.139534934583,0.138696558539,0.138477851745,0.137858182496,0.139607836848,0.138805911936,0.138222693819,0.139133972127,0.140810724215,0.141138784406,0.141612649126,0.141539746861,0.142779085361,0.142961341023,0.142232318376,0.145804529345,0.147955146153,0.148501913138,0.148100950682,0.148283206344,0.15087123674,0.151563808254,0.149814153902,0.150506725416,0.151053492401,0.150288018622,0.149303838049,0.149850605034,0.151490905989,0.152329282033,0.149413191446,0.149558995975,0.151454454857,0.151673161651,0.152730244489,0.152402184298,0.154443447708,0.155500530546,0.15400603412,0.15415183865,0.155682786208,0.15633890659,0.156047297531,0.15633890659,0.156047297531,0.156885673575,0.155974395267,0.153605071665,0.155427628282,0.155208921488,0.154880861297,0.155464079414,0.155682786208,0.156375357722,0.156849222443,0.157177282634,0.157177282634,0.158307267736,0.158343718868,0.158708230192,0.159364350574,0.159655959633,0.160056922088,0.159437252839,0.158744681324,0.158817583589,0.158963388118,0.15852597453,0.159838215294,0.159036290383,0.160129824353,0.160421433412,0.160858847,0.162207538896,0.16304591494,0.161587869646,0.163410426263,0.164175900042,0.163410426263,0.165160080615,0.163592681925,0.163446877396,0.162973012675,0.161915929837,0.16242624569,0.163556230793,0.164358155704,0.166034907791,0.167019088364,0.166144261188,0.166654577041,0.167456501953,0.168185524599,0.169242607437,0.170554848201,0.170518397069,0.169096802908,0.168622938187,0.168878096114,0.169242607437,0.169643569893,0.169424863099,0.170044532348,0.170153885745,0.168805193849,0.170008081216,0.169096802908,0.168805193849,0.168695840452,0.170190336878,0.17084645726,0.171611931039,0.170518397069,0.171356773112,0.171174517451,0.171429675377,0.173069976332,0.172669013877,0.172340953686,0.171611931039,0.171393224245,0.17070065273,0.170919359524,0.170044532348,0.171684833304,0.170664201598,0.17022678801,0.170445494804,0.171028712921,0.170773554995,0.168841644981,0.169862276687,0.172596111612,0.17365319445,0.174054156905,0.174345765964,0.174673826155,0.174637375023,0.172523209347,0.172377404818,0.174418668229,0.172523209347,0.16865938932,0.168003268938,0.166472321379,0.166654577041,0.165269434012,0.165087178351,0.165269434012,0.165998456659,0.165488140806,0.165524591939,0.166071358924,0.164941373821,0.164649764763,0.164358155704,0.16475911816,0.16585265213,0.166144261188,0.165889103262,0.165633945336,