# R script for Peak Model
#  -- generated by MACS
p <- c(0.0421225625916,0.0490319460278,0.0556452130311,0.0624312146203,0.0688223942988,0.0676379285668,0.0661079936631,0.0663300809878,0.0653677025807,0.0650962625171,0.0652196443642,0.0649235279312,0.0648988515618,0.0643559714346,0.0648494988229,0.0654170553195,0.0661820227714,0.0657131717525,0.0656638190136,0.0658365535995,0.0653923789501,0.0664534628349,0.0667002265291,0.066872961115,0.0660586409243,0.0654664080583,0.0645287060205,0.0648001460841,0.0649235279312,0.0653430262112,0.0645287060205,0.063368916658,0.0630481238556,0.0638130913075,0.0641585604793,0.064380647804,0.0655404371666,0.0651456152559,0.0654664080583,0.0650469097783,0.0650222334088,0.0646027351288,0.0646027351288,0.0639364731546,0.063665033091,0.063072800225,0.0625792728367,0.0631961820721,0.0629740947474,0.0630481238556,0.0641585604793,0.0645287060205,0.0644053241735,0.0634922985051,0.0634182693969,0.0638377676769,0.0636156803522,0.0633195639192,0.0630481238556,0.0636897094604,0.0635169748745,0.0635416512439,0.0638377676769,0.0649482043006,0.0646027351288,0.0646027351288,0.0641338841099,0.06455338239,0.065268997103,0.0651456152559,0.0648494988229,0.0649235279312,0.0654417316889,0.0656144662748,0.0666015210514,0.0661573464019,0.0662560518796,0.0656144662748,0.0650222334088,0.0642325895876,0.0651456152559,0.0656144662748,0.0644300005429,0.0640351786322,0.0637390621993,0.064676764237,0.0653923789501,0.0660339645549,0.0661326700325,0.0665521683126,0.0647507933453,0.0643559714346,0.0654170553195,0.0655897899054,0.0661326700325,0.0654910844277,0.0650469097783,0.0642819423264,0.0640598550017,0.0646520878676,0.0657131717525,0.0653923789501,0.0650469097783,0.0647507933453,0.0644793532817,0.0647014406064,0.0646027351288,0.0652936734724,0.0650469097783,0.0641585604793,0.0638624440463,0.0637390621993,0.063368916658,0.0629987711168,0.0625052437285,0.0624805673591,0.0625545964673,0.0625545964673,0.0627520074227,0.0630974765945,0.063245534811,0.0626779783144,0.0623818618814,0.0626039492062,0.0626779783144,0.0620857454484,0.0615428653213,0.0609753088248,0.061049337933,0.060629839653,0.0598648722011,0.0604077523282,0.0604324286976,0.0602103413729,0.0601116358952,0.0599389013093,0.0600869595258,0.060629839653,0.0607285451306,0.0606051632835,0.0614688362131,0.0607778978694,0.0610246615636,0.0613207779966,0.0618143053849,0.062061069079,0.0626039492062,0.0626286255756,0.0626779783144,0.0624065382508,0.0616909235378,0.0628507129003,0.0626286255756,0.0633442402886,0.0626779783144,0.0628013601615,0.0631715057027,0.0622831564038,0.0623818618814,0.0629987711168,0.0638624440463,0.0634922985051,0.0634922985051,0.0628753892697,0.0635169748745,0.0631221529639,0.0630481238556,0.063245534811,0.0639364731546,0.0637884149381,0.0640845313711,0.0646274114982,0.0653677025807,0.0651949679947,0.06497288067,0.0650962625171,0.0653183498418,0.0658859063384,0.0648741751924,0.0652443207336,0.0646520878676,0.0644300005429,0.0643312950652,0.0646274114982,0.0650715861477,0.0654910844277,0.0651702916253,0.0651702916253,0.0660339645549,0.0664041100961,0.0665274919432,0.066576844682,0.0671444011785,0.0666261974208,0.0665521683126,0.0663300809878,0.0662560518796,0.0668236083761,0.0660092881854,0.0654170553195,0.0656391426442,0.0651456152559,0.0650222334088,0.0657378481219,0.0652196443642,0.0659352590772,0.0668482847456,0.0657872008607,0.0654170553195,0.0651949679947,0.0656391426442,0.0662560518796,0.0657625244913,0.0659352590772,0.0668976374844,0.0670456957009,0.0669469902232,0.0683782196493,0.0692172162094,0.0705497401578,0.0698834781836,0.0698834781836,0.0704510346802,0.0703523292025,0.0704263583108,0.0703770055719,0.0705744165272,0.0694639799036,0.0689951288847,0.0678106631528,0.0681314559551,0.0679340449998,0.0678106631528,0.0684028960187,0.0679340449998,0.0672431066562,0.0663794337267,0.0676626049363,0.0685016014964,0.0698094490754,0.0700315364001,0.0707224747437,0.0709445620685,0.0693899507953,0.0698094490754,0.0708952093296,0.0711913257626,0.070500387419,0.0706977983743,0.0706237692661,0.0713147076097,0.0702783000943,0.070204270986,0.0722770860169,0.0717835586286,0.0710432675461,0.0714627658262,0.072400467864,0.0724498206028,0.0721290278004,0.0720549986922,0.0730667298382,0.0735355808571,0.0734368753794,0.0738563736595,0.0749668102831,0.0751148684996,0.0746213411113,0.0753122794549,0.0756330722573,0.075016163022,0.0755096904103,0.0753369558244,0.0751888976079,0.0756577486268,0.0751642212385,0.0750408393914,0.0754603376714,0.0751888976079,0.0748927811749,0.0751642212385,0.0746213411113,0.0753616321938,0.0756577486268,0.0754603376714,0.0759291886903,0.0749421339137,0.0748434284361,0.0749668102831,0.0756330722573,0.0755590431491,0.0761265996456,0.0755837195185,0.0753122794549,0.0753863085632,0.0760772469068,0.0780760328294,0.0786682656954,0.0798774077967,0.080370935185,0.0824931029547,0.0837515977949,0.085182827221,0.0864906748,0.0890816935886,0.091006450403,0.0943871130128,0.0974716591897,0.0996185033288,0.102480962181,0.104775864537,0.107194148739,0.108674730904,0.111018985999,0.11180862982,0.112203451731,0.111981364406,0.112080069883,0.111759277081,0.111981364406,0.112178775361,0.111216396954,0.112154098992,0.113190506507,0.113585328418,0.114843823258,0.115830878035,0.116423110901,0.118471249562,0.117804987588,0.116990667397,0.118027074913,0.118273838607,0.11770628211,0.117188078352,0.117558223894,0.116719227334,0.116497140009,0.11602828899,0.11728678383,0.118940100581,0.120790828287,0.121309032045,0.121309032045,0.122987025165,0.122666232363,0.123801345356,0.12402343268,0.124590989177,0.125183222043,0.124492283699,0.123159759751,0.123505228923,0.123258465229,0.122838966948,0.124590989177,0.124813076502,0.125578043954,0.124985811088,0.125109192935,0.126959920641,0.126194953189,0.126713156947,0.12740409529,0.127502800768,0.126268982297,0.126417040514,0.126120924081,0.12698459701,0.127330066182,0.127231360704,0.129575615799,0.129847055862,0.130982168855,0.131031521594,0.13204325274,0.132413398282,0.133054983886,0.133968009555,0.133178365733,0.132265340065,0.132314692804,0.132191310957,0.13162375446,0.132684838345,0.131821165416,0.131327638027,0.130587346945,0.130661376053,0.131599078091,0.133153689364,0.132857572931,0.132586132867,0.134362831465,0.13458491879,0.135769384522,0.136855144776,0.138113639616,0.137422701273,0.137570759489,0.136731762929,0.135892766369,0.13752140675,0.135991471847,0.136164206433,0.135621326306,0.135226504395,0.134807006115,0.135646002675,0.136435646496,0.137792846814,0.139076018024,0.139174723501,0.140186454647,0.140359189233,0.141593007704,0.142308622417,0.14386323369,0.144035968276,0.144677553881,0.144208702862,0.145171081269,0.144258055601,0.145639932288,0.14682439802,0.148724478465,0.149316711331,0.149193329484,0.149292034961,0.149637504133,0.150945351712,0.152031111967,0.153412988654,0.1523272284,0.153536370501,0.152351904769,0.153511694131,0.154498748908,0.15481954171,0.155633861901,0.155880625595,0.156275447506,0.155658538271,0.156867680372,0.156349476614,0.156793651264,0.156472858461,0.156374152984,0.157040414958,0.157163796805,0.15736120776,0.157904087887,0.158545673492,0.15903920088,0.159014524511,0.158915819033,0.16032237209,0.160815899478,0.16032237209,0.16074187037,0.160889928587,0.159582081008,0.16074187037,0.159359993683,0.159359993683,0.159137906358,0.157830058779,0.158570349862,0.159582081008,0.160273019351,0.160198990243,0.161926336102,0.161210721389,0.162123747057,0.163974474763,0.164986205909,0.16622002438,0.165948584317,0.167404490112,0.166886286354,0.167182402787,0.167305784635,0.168070752086,0.169107159602,0.167749959284,0.168613632214,0.167725282915,0.168662984952,0.167034344571,0.165479733298,0.165084911387,0.164788794954,0.164245914827,0.164690089477,0.164714765846,0.163456271006,0.164492678521,0.162666627184,0.16283936177,0.164393973044,0.164196562088,0.164270591196,0.164443325782,0.16328353642,0.162913390879,0.163875769286,0.164295267566,0.164517354891,0.164319943935,0.163900445655,0.164616060368,0.162543245337,