# R script for Peak Model
#  -- generated by MACS
p <- c(0.0383613909633,0.0447302705441,0.0512472636035,0.0589491644919,0.0650218171154,0.0654661575513,0.0667991788589,0.0679840866879,0.0712425832176,0.0713906966962,0.0705020158244,0.0706501293031,0.0713906966962,0.0712425832176,0.0719831506107,0.0707982427817,0.0679840866879,0.066354838423,0.0622076610216,0.0633925688506,0.0635406823292,0.0647255901582,0.063985022765,0.063985022765,0.0635406823292,0.0653180440726,0.0676878597306,0.0690208810382,0.0716869236534,0.0721312640893,0.0713906966962,0.0709463562603,0.0715388101748,0.0703539023458,0.0713906966962,0.0712425832176,0.0713906966962,0.071835037132,0.0710944697389,0.0702057888672,0.0697614484313,0.0696133349527,0.0694652214741,0.0690208810382,0.067539746252,0.0669472923375,0.0672435192947,0.0666510653803,0.0676878597306,0.0705020158244,0.0706501293031,0.0694652214741,0.0716869236534,0.0713906966962,0.0724274910465,0.0750935336618,0.0737605123541,0.0725756045252,0.0715388101748,0.0681322001665,0.068724654081,0.0681322001665,0.0657623845085,0.0669472923375,0.067539746252,0.0656142710299,0.0648737036368,0.0657623845085,0.0656142710299,0.0644293632009,0.0648737036368,0.065169930594,0.0647255901582,0.0633925688506,0.0642812497223,0.0638369092864,0.0662067249444,0.0656142710299,0.0659104979871,0.0681322001665,0.0690208810382,0.0703539023458,0.0703539023458,0.07420485279,0.0728718314824,0.0745010797473,0.0727237180038,0.0707982427817,0.0712425832176,0.0688727675596,0.0693171079955,0.0693171079955,0.0694652214741,0.0676878597306,0.0688727675596,0.0669472923375,0.0681322001665,0.0719831506107,0.0719831506107,0.075389760619,0.0734642853969,0.0746491932259,0.0743529662686,0.0733161719183,0.0733161719183,0.0731680584397,0.0715388101748,0.071835037132,0.071835037132,0.0713906966962,0.0722793775679,0.0719831506107,0.0734642853969,0.0728718314824,0.0736123988755,0.0759822145335,0.075389760619,0.0731680584397,0.0724274910465,0.0731680584397,0.0750935336618,0.0749454201831,0.0736123988755,0.0737605123541,0.0722793775679,0.0690208810382,0.0700576753886,0.0700576753886,0.0706501293031,0.0709463562603,0.0691689945168,0.0694652214741,0.0696133349527,0.0703539023458,0.0688727675596,0.0716869236534,0.0716869236534,0.0710944697389,0.0725756045252,0.0702057888672,0.0690208810382,0.0705020158244,0.0712425832176,0.0703539023458,0.0706501293031,0.0684284271237,0.0688727675596,0.0722793775679,0.0702057888672,0.0712425832176,0.0700576753886,0.0682803136451,0.0676878597306,0.0690208810382,0.0693171079955,0.0727237180038,0.0713906966962,0.0712425832176,0.0703539023458,0.0710944697389,0.0734642853969,0.0712425832176,0.0713906966962,0.0709463562603,0.071835037132,0.0697614484313,0.0703539023458,0.06990956191,0.0739086258328,0.0724274910465,0.0707982427817,0.0739086258328,0.0737605123541,0.0747973067045,0.0761303280121,0.0779076897556,0.0767227819266,0.075389760619,0.0737605123541,0.0746491932259,0.0747973067045,0.0721312640893,0.0734642853969,0.0737605123541,0.0733161719183,0.0721312640893,0.0733161719183,0.0739086258328,0.0727237180038,0.0721312640893,0.0739086258328,0.0773152358411,0.0743529662686,0.0750935336618,0.0733161719183,0.0737605123541,0.0747973067045,0.0728718314824,0.0733161719183,0.0743529662686,0.0733161719183,0.0725756045252,0.0736123988755,0.0722793775679,0.0737605123541,0.0721312640893,0.071835037132,0.0725756045252,0.0727237180038,0.0733161719183,0.076574668448,0.0770190088838,0.0780558032342,0.0764265549694,0.0759822145335,0.0759822145335,0.075389760619,0.0783520301915,0.0813142997639,0.0804256188922,0.0785001436701,0.0755378740976,0.0758341010549,0.0782039167128,0.0773152358411,0.0780558032342,0.0779076897556,0.0767227819266,0.0740567393114,0.0734642853969,0.0746491932259,0.0758341010549,0.0758341010549,0.0756859875762,0.0773152358411,0.0758341010549,0.0752416471404,0.0724274910465,0.0725756045252,0.0740567393114,0.0713906966962,0.0710944697389,0.0719831506107,0.0722793775679,0.0724274910465,0.0740567393114,0.0747973067045,0.0770190088838,0.0786482571487,0.077759576277,0.0787963706273,0.0782039167128,0.0780558032342,0.076574668448,0.0750935336618,0.0756859875762,0.0767227819266,0.076574668448,0.0750935336618,0.0746491932259,0.0733161719183,0.0745010797473,0.0752416471404,0.0762784414907,0.0759822145335,0.0755378740976,0.0739086258328,0.0743529662686,0.0750935336618,0.076574668448,0.0785001436701,0.0780558032342,0.0787963706273,0.0786482571487,0.0795369380204,0.0792407110632,0.0805737323708,0.0814624132425,0.0829435480288,0.0830916615074,0.082054867157,0.0841284558577,0.0822029806356,0.0795369380204,0.0792407110632,0.0805737323708,0.0804256188922,0.0789444841059,0.0783520301915,0.0773152358411,0.0793888245418,0.0767227819266,0.0752416471404,0.0770190088838,0.0768708954052,0.0747973067045,0.075389760619,0.0770190088838,0.0746491932259,0.0752416471404,0.0747973067045,0.0801293919349,0.0841284558577,0.0885718602164,0.0915341297889,0.0990879171986,0.10856717983,0.118490782898,0.131376655538,0.142040825999,0.154630471682,0.162628599528,0.173292769989,0.180994670877,0.191510727859,0.197287153526,0.199656969184,0.200989990491,0.199656969184,0.202323011799,0.199656969184,0.198768288312,0.199508855705,0.201582444406,0.201730557884,0.200249423098,0.200545650055,0.197583380483,0.195657905261,0.192843749167,0.193436203081,0.191955068295,0.193139976124,0.194176770474,0.191510727859,0.190473933509,0.189733366116,0.189140912201,0.192251295252,0.193436203081,0.196694699611,0.195954132218,0.194324883953,0.189437139159,0.190473933509,0.193880543517,0.195509791782,0.202323011799,0.201878671363,0.199360742226,0.196546586132,0.196398472654,0.194917337868,0.197435267004,0.198620174833,0.19684281309,0.191658841338,0.185289961757,0.187067323501,0.188548458287,0.189140912201,0.190473933509,0.188844685244,0.190029593073,0.190770160466,0.191214500902,0.19358431656,0.195213564825,0.194176770474,0.195509791782,0.194472997432,0.197287153526,0.197139040047,0.198472061355,0.198768288312,0.199360742226,0.19787960744,0.196694699611,0.198768288312,0.198323947876,0.201434330927,0.198175834397,0.202915465713,0.20217489832,0.199656969184,0.197139040047,0.198768288312,0.203656033106,0.203063579192,0.202619238756,0.199805082662,0.200989990491,0.198620174833,0.198175834397,0.19891640179,0.201878671363,0.200545650055,0.19684281309,0.19254752221,0.191806954817,0.188992798723,0.193732430039,0.193139976124,0.192695635688,0.192399408731,0.190918273945,0.195509791782,0.195361678303,0.195806018739,0.198027720919,0.201878671363,0.197139040047,0.196546586132,0.199953196141,0.200545650055,0.196102245697,0.192399408731,0.192991862645,0.196546586132,0.19462111091,0.19462111091,0.197139040047,0.197731493961,0.191362614381,0.192399408731,0.198472061355,0.199212628748,0.198768288312,0.19891640179,0.19787960744,0.195213564825,0.193732430039,0.193139976124,0.194769224389,0.193732430039,0.195065451346,0.197139040047,0.194176770474,0.190029593073,0.191362614381,0.191658841338,0.191066387423,0.190622046988,0.190918273945,0.189585252637,0.18603052915,0.185882415672,0.18928902568,0.189733366116,0.191658841338,0.192991862645,0.193139976124,0.19254752221,0.192695635688,0.195213564825,0.200693763534,0.199212628748,0.199805082662,0.198768288312,0.195806018739,0.195213564825,0.192695635688,0.196398472654,0.194769224389,0.189881479594,0.185438075236,0.18173523827,0.180402216963,0.182623919142,0.18173523827,0.180402216963,0.179069195655,0.175958812604,0.17743994739,0.179809763048,0.180254103484,0.184105053928,0.186326756107,0.184401280885,0.185586188714,0.185141848278,0.191362614381,0.190770160466,0.187807890894,0.189140912201,0.185882415672,0.189140912201,0.185882415672,0.187511663936,0.186771096543,0.189437139159,0.187067323501,0.191955068295,0.193288089603,0.190918273945,0.192399408731,0.192399408731,0.19462111091,0.197731493961,0.196990926568,0.197435267004,0.195509791782,0.193732430039,0.194176770474,0.193139976124,0.194176770474,0.18928902568,0.187659777415,0.183512600014,0.183364486535,0.181587124792,0.183068259578,