# R script for Peak Model
#  -- generated by MACS
p <- c(0.0382914071815,0.0451183620145,0.051491865973,0.0577394113553,0.0637854230155,0.062928904697,0.0633823555715,0.0625762206835,0.0625006455377,0.0626769875445,0.0626014123987,0.0621731532394,0.0619716195174,0.0619716195174,0.0622991118157,0.0622991118157,0.0614174017819,0.0614174017819,0.062626604114,0.0623494952462,0.062828137836,0.0622235366699,0.0621227698089,0.0623494952462,0.0617448940802,0.0622235366699,0.0633571638562,0.064037340168,0.063432739002,0.0639113815918,0.0637602313003,0.0643900241815,0.0648938584865,0.0650198170628,0.0649190502018,0.0657503768051,0.0644655993273,0.0635586975782,0.063029671558,0.0633067804257,0.0626769875445,0.0618708526564,0.0618960443717,0.0617952775107,0.0623746869614,0.0613670183514,0.0619212360869,0.062425070392,0.0627777544055,0.0614677852124,0.0618204692259,0.0632563969952,0.062828137836,0.0627525626902,0.0636846561545,0.0639113815918,0.0643648324663,0.064541174473,0.0640625318833,0.0646167496188,0.064339640751,0.063634272724,0.0636846561545,0.063130438419,0.0616945106497,0.0617700857954,0.0611654846294,0.0607120337549,0.0609135674769,0.0601074325889,0.0606364586091,0.0602081994499,0.0606112668939,0.0613418266362,0.0614677852124,0.0616441272192,0.0618204692259,0.0616189355039,0.0617448940802,0.0620975780937,0.0616441272192,0.0613418266362,0.0614174017819,0.0619716195174,0.0627777544055,0.0621983449547,0.062425070392,0.0629540964122,0.0628785212665,0.0630044798427,0.0631556301342,0.0638609981613,0.0637098478698,0.0625510289682,0.0624502621072,0.063130438419,0.0635586975782,0.063432739002,0.0633571638562,0.063331972141,0.0643648324663,0.0644907910425,0.064339640751,0.0651457756391,0.0649694336323,0.0644907910425,0.0644152158968,0.0640877235985,0.06323120528,0.0633067804257,0.0624502621072,0.0627777544055,0.0620471946632,0.0620220029479,0.0618960443717,0.062626604114,0.0617197023649,0.0618708526564,0.0634075472867,0.0637854230155,0.0643900241815,0.06423887389,0.0652969259306,0.0648938584865,0.0650198170628,0.0648938584865,0.0655236513678,0.0662542111101,0.0651961590696,0.064641941334,0.0639617650223,0.0637854230155,0.0640121484528,0.064037340168,0.0641129153138,0.0641129153138,0.0639617650223,0.0633823555715,0.0641632987443,0.0641884904595,0.0640877235985,0.063835806446,0.0631052467037,0.0629540964122,0.0631556301342,0.063029671558,0.062727370975,0.0625762206835,0.0619212360869,0.062425070392,0.0627021792597,0.063029671558,0.063835806446,0.0635083141477,0.063432739002,0.0631052467037,0.0635838892935,0.0634075472867,0.0633571638562,0.06323120528,0.0638861898765,0.0637854230155,0.0631808218495,0.0640625318833,0.0638106147308,0.0647678999103,0.064944241917,0.0649190502018,0.0659771022423,0.0669091957066,0.0675137968727,0.0679420560319,0.0681183980387,0.0680176311777,0.0681183980387,0.0674130300116,0.0675137968727,0.0677405223099,0.0667076619846,0.0662794028254,0.0647930916255,0.0650702004933,0.0652213507848,0.0654732679373,0.0656244182288,0.0660274856728,0.0662038276796,0.0665061282626,0.0667832371304,0.0665565116931,0.0668336205609,0.0663801696864,0.0665313199779,0.0663801696864,0.0663549779711,0.0662038276796,0.0654732679373,0.0660274856728,0.0663297862559,0.0666068951236,0.0665313199779,0.0662542111101,0.0660778691033,0.0658511436661,0.0668588122761,0.0668840039914,0.0676649471642,0.0671359211439,0.0675389885879,0.0668588122761,0.0680176311777,0.0687229992047,0.0691260666487,0.0696299009537,0.069252025225,0.0695291340927,0.0698818181062,0.0699322015367,0.069554325808,0.0700833518283,0.0690252997877,0.0689749163572,0.0682947400454,0.0683955069064,0.0678916726014,0.0685718489132,0.069554325808,0.0696802843842,0.070561994418,0.0713933210213,0.0720986890483,0.0725017564923,0.0724009896313,0.0726529067839,0.0742399848447,0.0734590416719,0.0720986890483,0.0719727304721,0.0717460050348,0.0714940878823,0.0719979221873,0.0714437044518,0.0719475387568,0.0713177458755,0.07076352814,0.0709398701468,0.0710910204383,0.0711917872993,0.0722246476246,0.0721238807636,0.0723002227703,0.0729300156516,0.0737361505396,0.0738369174006,0.0729803990821,0.0735598085329,0.0735598085329,0.0739880676922,0.0731819328041,0.0731063576584,0.0726025233533,0.0723002227703,0.0725269482076,0.0732575079499,0.0747690108649,0.0749957363022,0.0751216948784,0.0762553220647,0.0760034049122,0.0762049386342,0.076985881807,0.077187415529,0.0775652912578,0.077489716112,0.0764064723562,0.0763308972105,0.0766583895088,0.075978213197,0.0769103066613,0.0774393326815,0.077086648668,0.0775652912578,0.0777668249798,0.0783462344306,0.0787493018746,0.0793287113254,0.0790516024576,0.0786737267288,0.0789256438813,0.0790516024576,0.0788248770203,0.0792531361796,0.0787996853051,0.0785477681526,0.0789004521661,0.0789508355966,0.0803111882202,0.0810417479624,0.0815203905522,0.0818226911352,0.0836868780638,0.0851731892636,0.0869869927617,0.0903122991748,0.0923024446796,0.0955773676623,0.0995072752414,0.10391582541,0.10794649985,0.111574106847,0.115252097273,0.117720885368,0.119811797734,0.121146958642,0.123792088743,0.123741705313,0.124119581042,0.124673798777,0.123817280459,0.125379166804,0.126386835414,0.126890669719,0.128175447197,0.128704473217,0.128754856648,0.129334266099,0.129409841244,0.129535799821,0.129913675549,0.129661758397,0.128830431794,0.12847774778,0.129334266099,0.129384649529,0.129560991536,0.13097172759,0.131929012769,0.132760339373,0.133793199698,0.133591665976,0.133541282545,0.134246650573,0.134347417434,0.133087831671,0.133213790247,0.133163406817,0.13202977963,0.131677095617,0.132180929922,0.1319793962,0.132281696783,0.132911489664,0.13202977963,0.134070308566,0.134851251739,0.134448184295,0.136136029216,0.135355086044,0.135128360606,0.135732961772,0.135984878925,0.136614671806,0.137597148701,0.137345231548,0.136387946369,0.136564288376,0.136362754654,0.136614671806,0.136287179508,0.137068122681,0.137370423264,0.136413138084,0.134649718017,0.135984878925,0.137042930965,0.137395614979,0.136916972389,0.137647532131,0.137949832714,0.13850405045,0.138730775887,0.139385760484,0.141829356863,0.141249947412,0.141275139128,0.141904932009,0.142837025473,0.143139326056,0.143643160361,0.143315668063,0.145179854991,0.14704404192,0.146615782761,0.147195192212,0.147875368523,0.147774601662,0.14757306794,0.147950943669,0.148605928266,0.149563213445,0.14858073655,0.147976135384,0.148102093961,0.148631119981,0.14958840516,0.149689172021,0.150747224062,0.150419731764,0.150696840631,0.150167814611,0.150646457201,0.150495306909,0.151351825228,0.151251058367,0.151351825228,0.153014478435,0.15303967015,0.153341970733,0.153241203872,0.154374831058,0.15409772219,0.154828281933,0.154374831058,0.154903857078,0.153669463031,0.153165628726,0.152838136428,0.154274064197,0.155256541092,0.155281732807,0.154979432224,0.155281732807,0.156188634556,0.155835950543,0.158909339803,0.158909339803,0.160168925566,0.161277361037,0.161302552752,0.161554469905,0.162990397674,0.163191931396,0.164224791721,0.164275175152,0.163343081687,0.163972874569,0.16412402486,0.162889630813,0.163040781104,0.162713288806,0.161302552752,0.16110101903,0.160647568156,0.162184262786,0.161529278189,0.16210868764,0.162562138515,0.163972874569,0.165459185768,0.167197414121,0.168960834188,0.169011217619,0.1696410105,0.168280657877,0.168683725321,0.168658533605,0.16863334189,0.168532575029,0.168129507585,0.168784492182,0.168784492182,0.169968502798,0.170069269659,0.172210565456,0.172689208046,0.173747260086,0.172991508629,0.172260948886,0.171580772574,0.170245611666,0.171857881442,0.171379238852,0.171908264873,0.170573103964,0.170472337103,0.169439476778,0.170850212832,0.171757114581,0.172311332317,0.172210565456,0.169943311083,0.169414285063,0.168734108751,0.168608150175,0.168205082731,0.169187559626,0.16858295846,0.169540243639,0.169288326487,0.168809683897,0.169666202215,0.169313518202,0.169464668493,0.170044077944,0.169943311083,0.168986025904,0.168305849592,0.167323372697,0.166920305253,0.166366087518,0.165282843762,0.16656762124,0.164426325443,