# R script for Peak Model
#  -- generated by MACS
p <- c(0.0368520530803,0.0433462382147,0.0498485818731,0.0558287799931,0.061808978113,0.0616458076323,0.0615479053438,0.0616866002525,0.0617192343486,0.0616947587765,0.0615152712477,0.061148137666,0.0607483699881,0.0610583939015,0.0612297229063,0.0612705155265,0.061368417815,0.0610094427573,0.0611889302861,0.0612378814304,0.0614336860073,0.0617845025409,0.0616866002525,0.0615234297717,0.0612378814304,0.0615642223919,0.0617029173005,0.061808978113,0.0618252951611,0.0619884656419,0.0618334536852,0.0614826371515,0.0615234297717,0.0616539661563,0.0620455753102,0.0619476730217,0.0619966241659,0.0622005872669,0.0624779770842,0.0619558315457,0.0621842702188,0.0625106111803,0.0626003549447,0.0622821725073,0.0621271605505,0.0621597946467,0.0619721485938,0.0616866002525,0.0617029173005,0.0621108435025,0.0617845025409,0.061588697964,0.0616213320602,0.0614826371515,0.0616621246804,0.0614173689592,0.0617763440169,0.0618171366371,0.0615234297717,0.0613276251948,0.0614663201034,0.0614663201034,0.0616458076323,0.0620782094063,0.0621842702188,0.0625269282284,0.0627880009976,0.0629838055745,0.0632775124399,0.0635956948774,0.0634325243966,0.0633672562043,0.0633346221082,0.0633754147284,0.0633754147284,0.0632693539159,0.0630245981947,0.062869586238,0.0626656231371,0.0624942941323,0.0628043180457,0.0628859032861,0.0628451106659,0.0628940618101,0.0627553669015,0.0633346221082,0.063285670964,0.0633672562043,0.063514109637,0.0636038534014,0.0636528045457,0.0636201704495,0.0636038534014,0.0636528045457,0.0635467437332,0.0627880009976,0.0626166719928,0.0628940618101,0.0627635254255,0.0626737816611,0.0626819401851,0.0631143419592,0.0630980249111,0.063089866387,0.063285670964,0.0635630607812,0.0633590976803,0.0632611953918,0.0633427806322,0.0635875363534,0.0637343897861,0.063505951113,0.063946511411,0.0640199381274,0.0639546699351,0.0640770477957,0.0646726200504,0.0649744854398,0.0648521075793,0.0649173757716,0.0649500098677,0.0650642292043,0.0648929001995,0.0647215711947,0.064998961012,0.0651458144447,0.0649336928197,0.0645339251418,0.0648602661033,0.0648276320072,0.0647297297187,0.0647134126706,0.0650805462523,0.0651294973966,0.0649418513437,0.0646236689062,0.0642483768005,0.0645910348101,0.0649581683918,0.0651050218245,0.0652518752571,0.0651376559206,0.0646970956226,0.0650723877283,0.0651050218245,0.0656271673629,0.0660432520888,0.0659208742283,0.0656353258869,0.0653497775456,0.0650805462523,0.0653660945937,0.0654966309783,0.0651947655889,0.0652681923052,0.0651621314927,0.0649744854398,0.0649908024879,0.0649581683918,0.065007119536,0.0652518752571,0.0647215711947,0.0644849739976,0.0645584007139,0.064582876286,0.0644197058053,0.0649744854398,0.0648765831514,0.0650887047764,0.0657332281754,0.0659861424206,0.0665327635311,0.0670385920215,0.067364932983,0.0675852131321,0.0680257734301,0.0686947724012,0.0686866138772,0.0686539797811,0.0686295042089,0.0687110894493,0.0685071263484,0.0689150525503,0.0687845161657,0.068645821257,0.0684989678243,0.068009456382,0.0685479189686,0.0687845161657,0.0687926746897,0.0686539797811,0.0692413935118,0.0687845161657,0.0690863815551,0.0694616736608,0.0697472220022,0.0695106248051,0.0693392958003,0.0692087594157,0.0691190156512,0.0691271741753,0.0687681991176,0.0692250764637,0.0691924423676,0.0693556128483,0.0692577105599,0.0692413935118,0.0692332349878,0.0692985031801,0.0693882469445,0.0697961731464,0.0705141232618,0.0707507204589,0.0711912807569,0.0712320733771,0.072056084305,0.0724640105069,0.072920887853,0.073777532877,0.0742262516991,0.0743649466078,0.0743404710356,0.0740793982664,0.0740957153145,0.0740141300741,0.0739325448337,0.0741609835068,0.0742344102232,0.0737938499251,0.0739407033578,0.0739407033578,0.0743894221799,0.075058421151,0.0750421041029,0.0758171638866,0.0754663473529,0.075058421151,0.0754581888289,0.0758171638866,0.0756132007856,0.0758661150308,0.0753766035885,0.0751644819635,0.0758497979827,0.0760619196077,0.0766166992423,0.0776528317951,0.0776446732711,0.0781994529057,0.0787787081124,0.079121366122,0.0793905974153,0.0791540002182,0.0787297569682,0.0785747450115,0.0785339523913,0.0788113422086,0.0789418785932,0.0787787081124,0.0789500371172,0.0793987559393,0.079978011146,0.0804838396364,0.0812344238479,0.0816423500498,0.0816505085738,0.0809896681267,0.081691301194,0.0818789472469,0.082123702968,0.0817076182421,0.0812344238479,0.0816749841459,0.0816668256219,0.0816668256219,0.0816994597181,0.0822542393527,0.0819360569152,0.0820992273959,0.082335824593,0.0828661286555,0.083176152569,0.083388274194,0.0836819810593,0.0838369930161,0.0843020288862,0.0848812840929,0.0850526130977,0.0852239421025,0.0856726609246,0.0865129889006,0.087255414588,0.0874267435928,0.0872880486842,0.0880141573236,0.0882915471409,0.0884139250015,0.0891889847851,0.0901516906216,0.0903801292947,0.0907309458283,0.091734444285,0.092582930785,0.0939617213474,0.094736781131,0.0959524012127,0.0969477411454,0.098367324328,0.0991668596837,0.10017035814,0.100741454823,0.101549148703,0.102438427823,0.103001365982,0.103205329083,0.103686682001,0.103858011006,0.104192510491,0.105106265184,0.105375496477,0.105506032861,0.105432606145,0.105163374852,0.10572631301,0.106362677885,0.106101605116,0.106844030804,0.107023518332,0.106297409693,0.106566640986,0.107129579145,0.107251957006,0.108206504318,0.108459418563,0.108589954948,0.109373173255,0.109568977832,0.108842869193,0.109511868164,0.110058489275,0.110164550087,0.110474574001,0.111110938876,0.11115989002,0.111257792308,0.111616767366,0.111690194082,0.112987399404,0.113126094313,0.113427959702,0.113982739337,0.114929128125,0.114904652553,0.115679712337,0.116381345404,0.117123771092,0.117401160909,0.117229831904,0.118094635452,0.117972257592,0.118633098039,0.118894170808,0.118943121952,0.118967597524,0.119244987342,0.118902329332,0.119187877673,0.11968554764,0.11942447487,0.120068998269,0.120158742034,0.120354546611,0.121439630308,0.121765971269,0.122573665149,0.123152920356,0.123830077851,0.124499076822,0.124809100736,0.124719356971,0.124637771731,0.124923320072,0.12532308775,0.125763648048,0.125070173505,0.124947795644,0.125021222361,0.125494416755,0.126032879341,0.126824256173,0.127852230202,0.128145937067,0.128219363784,0.128031717731,0.128668082606,0.129239179288,0.130046873168,0.129842910067,0.130405848226,0.131172749485,0.130772981808,0.130805615904,0.130438482322,0.130985103433,0.131401188158,0.132102821226,0.132934990678,0.132910515106,0.132649442336,0.131784638788,0.132331259899,0.1333837095,0.133489770312,0.134305622716,0.135178584788,0.135423340509,0.135300962649,0.135774157043,0.135937327524,0.137373227754,0.137862739197,0.137569032331,0.139143627471,0.138580689312,0.13851542112,0.139004932562,0.139159944519,0.140245028216,0.140881393091,0.140693747038,0.140791649326,0.141754355163,0.141158782908,0.141256685197,0.141387221581,0.141305636341,0.141460648298,0.141631977302,0.142292817749,0.142717060999,0.143190255394,0.143361584398,0.143842937317,0.144985130682,0.145613337033,0.146217067812,0.146380238293,0.146551567297,0.146421030913,0.146380238293,0.146469982057,0.145792824562,0.145686763749,0.145898885374,0.145694922273,0.145915202422,0.146576042869,0.146812640067,0.147253200365,0.148305649966,0.148444344874,0.149292831374,0.149961830345,0.149929196249,0.149447843331,0.150018940014,0.149937354773,0.150271854259,0.15051660998,0.150165793446,0.150076049682,0.150100525254,0.149782342816,0.150141317874,0.151250877143,0.150924536182,0.151259035667,0.150753207177,0.150394232119,0.149986305917,0.150826633893,0.150320805403,0.15021474459,0.150777682749,0.150753207177,0.150842950941,0.150630829316,0.150410549167,0.151454840244,0.151846449398,0.150785841273,0.151389572052,0.152278851172,0.15191171759,0.152042253975,0.152156473312,0.151944351687,0.152042253975,0.150761365701,0.150647146364,0.150451341788,0.149513111523,0.148126162437,0.147555065754,0.147187932172,0.146111006999,0.146119165523,0.146747371874,0.146168116668,0.145703080797,0.14584993423,0.145523593269,