# R script for Peak Model
#  -- generated by MACS
p <- c(0.0397553167281,0.0467753616788,0.0533382100964,0.0600008104848,0.0668836964755,0.0669959174428,0.0673450493409,0.0672245157094,0.0668171951616,0.0668171951616,0.0668504458186,0.0665844405629,0.0666634108732,0.0667548501798,0.0668587584828,0.0666509418768,0.066380780289,0.0660108667303,0.066172963683,0.0660441173873,0.0662560903254,0.0662851846502,0.06606905538,0.0661480256903,0.065965147077,0.0663142789751,0.066900321804,0.0666717235374,0.0668629148149,0.067349205673,0.0673408930087,0.0670790440852,0.0673575183372,0.0674489576439,0.0672910170233,0.0672328283736,0.0669917611107,0.0670832004173,0.0670541060925,0.0668255078259,0.0666509418768,0.0666426292126,0.0663392169678,0.0659609907449,0.0660441173873,0.0656783601607,0.0656492658359,0.0660981497048,0.0662145270042,0.0661106187012,0.0663849366211,0.0663683112927,0.0664472816029,0.0665511899059,0.0665096265847,0.0665013139205,0.0665511899059,0.0663766239569,0.0660815243764,0.0658487697776,0.0657074544856,0.0660815243764,0.0661854326794,0.0660732117121,0.0657116108177,0.0657739557995,0.0655619828614,0.0654913252153,0.0655079505438,0.0655287322044,0.0656326405074,0.0655869208541,0.0658113627886,0.0659485217485,0.065998397734,0.0662519339933,0.0661230876976,0.0661521820224,0.0664597505993,0.0665262519132,0.0666135348877,0.0661771200151,0.0662103706721,0.0659609907449,0.0663890929533,0.0663142789751,0.0665678152344,0.0668338204901,0.0667132868586,0.0664805322599,0.0663683112927,0.0664223436102,0.0660648990479,0.0664805322599,0.0661688073509,0.0659942414018,0.0658113627886,0.0654913252153,0.0653500099232,0.0660856807085,0.0663766239569,0.0663350606357,0.0665262519132,0.0665428772417,0.0668546021507,0.0667922571689,0.0667881008368,0.0670457934282,0.0669169471325,0.0663475296321,0.0661895890115,0.0665553462381,0.0664888449241,0.0662602466575,0.066172963683,0.0663641549605,0.066588596895,0.0664181872781,0.0666717235374,0.0670998257458,0.0668836964755,0.0667174431907,0.0666509418768,0.0667881008368,0.0670125427713,0.0671497017312,0.0669917611107,0.0670707314209,0.0672037340488,0.0669127908004,0.0672660790306,0.0675029899614,0.0677274318959,0.0678022458741,0.067419863319,0.0672660790306,0.0673907689942,0.0674032379905,0.0673741436657,0.0670873567494,0.0668130388295,0.0664264999423,0.0662477776612,0.0659609907449,0.0661604946866,0.0662228396684,0.0662269960006,0.0663890929533,0.0661147750333,0.0667506938477,0.0668379768222,0.0670250117676,0.0672743916948,0.0677565262207,0.0676027419323,0.0674115506548,0.0673408930087,0.067419863319,0.0677149628995,0.0673907689942,0.0675279279541,0.0676110545965,0.0672910170233,0.0670291680997,0.0672951733554,0.0677606825529,0.0679269358377,0.0678562781916,0.0679310921698,0.068043313137,0.0680308441407,0.068251129743,0.0683799760387,0.0681763157649,0.0686002616411,0.0681680031006,0.0681139707831,0.0680931891225,0.0681389087758,0.0683716633745,0.0683591943781,0.0681513777721,0.0683966013672,0.0685711673163,0.0681139707831,0.0682843804,0.0685711673163,0.0686501376265,0.068700013612,0.068803921915,0.0691946171343,0.0694149027366,0.0693442450906,0.0693858084118,0.069809754288,0.0699261315874,0.0698055979559,0.0700009455656,0.0700923848722,0.0700965412043,0.0698845682662,0.0699095062589,0.0702253875,0.070466454763,0.0703334521352,0.0706701150369,0.0706368643799,0.0707033656938,0.0711522495628,0.0711106862416,0.0712062818804,0.0714639744718,0.0717798557129,0.0720541736329,0.0721497692716,0.0722827718995,0.0723409605491,0.0721456129395,0.0717424487239,0.0719003893444,0.0720458609686,0.0720749552935,0.0722162705855,0.0719876723189,0.0721331439431,0.0718712950196,0.072370054874,0.0728480330678,0.0731805396374,0.0734299195646,0.0734673265537,0.0738039894554,0.0735878601851,0.0741198706965,0.0744066576128,0.0748181344927,0.0747100698576,0.075246236701,0.0753875519931,0.07555796161,0.0758405921942,0.0757699345482,0.0757574655518,0.0755039292925,0.0754415843107,0.0757699345482,0.0760026891469,0.0759943764826,0.0762437564098,0.076422478691,0.0765679503152,0.0766677022861,0.077045928509,0.0773825914107,0.077669378327,0.0778397879439,0.0780808552069,0.0781016368675,0.0781307311923,0.0781556691851,0.0783052971414,0.0786752107001,0.0790617495872,0.0793485365035,0.0795605094416,0.0795314151168,0.0796186980913,0.0796394797519,0.0799304230003,0.080508153165,0.0807450640958,0.0807824710849,0.0805704981468,0.0809279427091,0.0812230422896,0.0815846431841,0.0818423357755,0.0821623733488,0.0821457480203,0.0817010204834,0.0820252143888,0.082378502619,0.082794135831,0.0826777585317,0.0826528205389,0.0827775105025,0.0831598930576,0.0833552406672,0.0834840869629,0.0840119411422,0.0841740380949,0.084352760376,0.0846852669456,0.0850219298473,0.0853004040994,0.0853502800848,0.0851549324752,0.0854874390448,0.0860859508701,0.0867218696844,0.0873577884988,0.0878191413641,0.0885589684815,0.0899430270775,0.0909114524614,0.0921625084296,0.0934634403831,0.0944692727562,0.0953462588335,0.0962398702393,0.0967594117543,0.0975865218462,0.0979439664085,0.0977153681419,0.0979231847479,0.0982764729781,0.0984177882702,0.098480133252,0.0989830494385,0.0992324293657,0.0994901219572,0.10020085475,0.100878336885,0.101576600681,0.102017171886,0.102266551813,0.102461899423,0.103189257544,0.103343041832,0.103538389442,0.10380855103,0.103638141413,0.1040246803,0.10408286895,0.104199246249,0.103941553658,0.10437796853,0.104315623549,0.104232496906,0.104535909151,0.105038825337,0.105321455922,0.105013887345,0.105001418348,0.105105326651,0.105990625393,0.106260786981,0.106497697912,0.107021395759,0.10735805866,0.107237525029,0.107445341635,0.107985664811,0.108459486672,0.10900396618,0.108833556563,0.109099561819,0.109170219465,0.109382192403,0.109328160085,0.109851857932,0.109972391564,0.110292429137,0.110811970652,0.111348137496,0.111805334029,0.112050557624,0.112682320106,0.113368114906,0.113891812753,0.114220162991,0.114382259943,0.11476879883,0.114955833776,0.11476879883,0.115009866093,0.115113774396,0.115342372663,0.11545459363,0.115724755218,0.115857757846,0.116738900255,0.116639148284,0.116705649598,0.117154533467,0.117399757062,0.118264274143,0.118418058432,0.118779659326,0.118966694272,0.119486235787,0.119515330111,0.11980627336,0.120155405258,0.120454661171,0.121161237631,0.12125683327,0.121863657759,0.122038223708,0.122462169585,0.122549452559,0.122790519822,0.123160433381,0.122977554767,0.123039899749,0.122807145151,0.122977554767,0.122977554767,0.123156277049,0.123509565279,0.124249392396,0.124631774951,0.124939343528,0.125741515627,0.125911925244,0.126772285993,0.127092323566,0.127690835392,0.127990091304,0.128260252892,0.128509632819,0.12888370271,0.129324273915,0.129407400557,0.13033426262,0.130143071342,0.129939411069,0.130379982273,0.130467265248,0.130359200613,0.130554548222,0.130450639919,0.130754052164,0.130978494099,0.130945243442,0.13129437534,0.131967701143,0.132096547439,0.132574525633,0.133709204301,0.134091586856,0.135068324905,0.135546303098,0.136277817552,0.137005175673,0.136963612351,0.137736690126,0.137732533794,0.138393390601,0.138073353027,0.137765784451,0.137973601057,0.138089978356,0.138297794962,0.138231293648,0.138551331221,0.138414172261,0.13829363863,0.138243762644,0.138597050875,0.139644446569,0.139241282353,0.139461567956,0.139407535638,0.139852263175,0.140043454452,0.139835637846,0.139931233485,0.139465724288,0.139316096331,0.138547174889,0.138950339105,0.138950339105,0.139141530382,0.139124905054,0.139287002006,0.139914608157,0.140180613412,0.140641966278,0.140829001223,0.140824844891,0.140700154927,0.140184769744,0.139947858814,0.139432473631,0.139573788923,0.139232969689,0.139133217718,0.139266220346,0.139278689342,0.139710947883,0.139511443941,0.139952015146,0.140122424763,0.140883033541,0.141119944471,0.141119944471,0.141552203012,0.141581297337,0.141236321771,0.141007723504,0.140962003851,0.140754187245,0.141082537482,0.139947858814,0.139665228229,0.139365972317,0.138929557444,0.138642770528,0.138385077936,0.13780319144,