# R script for Peak Model
#  -- generated by MACS
p <- c(0.0391874131529,0.0457327282583,0.0520617810164,0.0586239916177,0.0648989787889,0.0646489254498,0.0647502984251,0.0644360422017,0.064632029954,0.0645509315737,0.0645779643671,0.0645543106729,0.0645982389622,0.0646117553589,0.0651456530288,0.0651321366321,0.0650544173511,0.0650544173511,0.0646016180614,0.0646016180614,0.064632029954,0.06468947464,0.0647638148219,0.0646590627474,0.064270466342,0.0645847225655,0.0644765913918,0.0645509315737,0.0647908476153,0.0647705730202,0.0648009849128,0.0649665607725,0.0647773312186,0.0648111222103,0.065206476814,0.0650442800535,0.0651929604173,0.0653112288885,0.0654497719547,0.0654092227646,0.0654531510539,0.0650611755494,0.0654092227646,0.0653821899712,0.0650679337478,0.0653551571778,0.0653315034835,0.0651760649214,0.0653855690704,0.0656761715996,0.0655680404259,0.065703204393,0.0656423806078,0.0656187269136,0.0655680404259,0.0655680404259,0.0654599092523,0.0653483989794,0.0652470260041,0.0651456530288,0.0649091160865,0.0649361488799,0.0649429070782,0.0648009849128,0.0648009849128,0.0648381550037,0.0649699398716,0.0651828231198,0.0652504051033,0.0647300238301,0.065243646905,0.0653146079877,0.0652537842025,0.065321366186,0.0655038375416,0.0655004584424,0.065378810872,0.0652267514091,0.0647976058136,0.065358536277,0.0649902144667,0.064919253384,0.0648415341029,0.065034142756,0.0648719459955,0.0647300238301,0.0648516714004,0.0650138681609,0.0655612822276,0.065436255558,0.0653281243844,0.065415980963,0.0655376285333,0.0656525179053,0.0657572699798,0.065912708542,0.0660681471041,0.0661154544926,0.0655815568226,0.0657065834922,0.0658822966494,0.0659228458395,0.0659633950296,0.0658248519634,0.0659363622362,0.0660444934098,0.0661695200794,0.0660951798975,0.0664229525176,0.06637226603,0.0665851492781,0.0667338296419,0.0669027846007,0.0669636083859,0.0670514649645,0.0668960264024,0.0666763849559,0.0667203132452,0.0667203132452,0.0669636083859,0.0670109157744,0.0670345694686,0.0669095427991,0.0670007784769,0.0669061636999,0.0668352026172,0.0669433337909,0.0669636083859,0.0670176739728,0.0669737456835,0.0670244321711,0.0669196800966,0.0670244321711,0.0672609691135,0.0673555838904,0.0674569568657,0.0674535777666,0.0675110224526,0.0677070102048,0.0675887417336,0.0674299240723,0.0674907478575,0.0676022581303,0.0673961330805,0.0675076433534,0.0675752253369,0.0680009918332,0.0683186271558,0.0681800840896,0.0682138750813,0.068436895627,0.0682814570649,0.0684402747262,0.0685044776105,0.068494340313,0.0685821968916,0.0682746988665,0.0682949734616,0.0684774448171,0.0686734325694,0.068666674371,0.068896453115,0.0687410145529,0.0691397482558,0.0692884286195,0.069565514752,0.0698358426862,0.0697141951158,0.0699203201656,0.0700453468351,0.0700960333228,0.0704913879265,0.0707617158606,0.0706975129762,0.0705454535133,0.070501525224,0.0707955068524,0.0709306708194,0.0709374290178,0.0709340499186,0.0711773450593,0.0712550643404,0.0711874823569,0.0711672077618,0.0714983594811,0.0717315173243,0.0715794578614,0.0719275050766,0.0721133555313,0.0723329969778,0.0724816773416,0.0721403883247,0.0723836834655,0.0724985728375,0.0726067040111,0.0724411281515,0.0723803043663,0.0722181076058,0.0722856895893,0.0724411281515,0.0725695339202,0.0727587634741,0.0730020586148,0.0731946672679,0.0733095566399,0.0735866427724,0.0735900218716,0.073809663318,0.0742421880127,0.0746713336081,0.0744854831534,0.0748132557735,0.0748571840628,0.0748842168563,0.0751815775838,0.0754181145262,0.0756073440801,0.0756377559727,0.0751680611871,0.0750227599225,0.0752525386665,0.0753268788484,0.0753505325427,0.0754350100221,0.0754924547081,0.0753133624517,0.0759249794027,0.0760398687747,0.0763406086014,0.0763777786924,0.0765771455438,0.0767055513125,0.0768542316763,0.0770941477179,0.0773915084454,0.0778071376442,0.0778780987269,0.0782971070248,0.0789999596536,0.0788816911824,0.0791756728107,0.0796521257947,0.0798481135469,0.079810943456,0.0799765193156,0.0800441012992,0.080098166886,0.0801420951753,0.0798650090428,0.0804698677954,0.0807266793329,0.0806827510436,0.0810612101514,0.0815917287221,0.081588349623,0.0819093640447,0.0820985935986,0.0823891961278,0.0825142227974,0.0825987002768,0.0826358703678,0.0829399892937,0.0829737802854,0.0833894094842,0.083788143187,0.083882757964,0.0842071514849,0.084399760138,0.0850046188907,0.0855351374614,0.0856838178252,0.0857108506186,0.0858189817923,0.0859744203544,0.0862244736935,0.08644411514,0.0866907893799,0.0867583713634,0.0867752668593,0.0866671356856,0.0867718877601,0.0869678755124,0.0868901562313,0.0868056787519,0.0868124369502,0.0868631234379,0.0868090578511,0.0870996603803,0.0870861439836,0.0872652362399,0.0876132834551,0.087859957695,0.0884310254559,0.0884986074394,0.0887858308695,0.0888398964563,0.0892994539443,0.0898806590027,0.0903875238792,0.0910802392105,0.0920061123849,0.0924251206828,0.0933915430474,0.0944492010897,0.0954527935452,0.0966422364554,0.0975309395389,0.0980817327047,0.0989839521849,0.0998591388717,0.100291663566,0.101454073683,0.101791983601,0.101954180361,0.102153547213,0.102751647767,0.103032112999,0.103704553735,0.103721449231,0.104062738248,0.104170869421,0.104336445281,0.104495262942,0.10503929791,0.105576574679,0.1059009682,0.106255773613,0.106306460101,0.10680318768,0.10668154011,0.107097169308,0.107316810755,0.107779747342,0.10799263059,0.107823675631,0.108053454375,0.107935185904,0.108114278161,0.10815820645,0.10869210412,0.108969190252,0.109442264137,0.109580807203,0.110040364691,0.110449235692,0.11020931965,0.110763491915,0.111250082197,0.111959693024,0.112341531231,0.112750402231,0.112716611239,0.113108586744,0.113507320447,0.113399189273,0.114020943522,0.113868884059,0.113997289827,0.114014185323,0.114122316497,0.114210173075,0.114358853439,0.114460226415,0.114737312547,0.115612499234,0.115886206267,0.116707327367,0.117028341789,0.117258120533,0.117400042698,0.117704161624,0.118447563443,0.118947670121,0.118771956964,0.118734786873,0.118940911923,0.118981461113,0.119147036973,0.119373436618,0.119576182568,0.119721483833,0.119890438792,0.119863405998,0.12047164385,0.120850102958,0.121245457561,0.121755701537,0.121978722083,0.122570064439,0.122711986604,0.123414839233,0.123279675266,0.124144724655,0.124469118176,0.124638073135,0.125060460532,0.125097630623,0.125567325409,0.125803862351,0.125959300913,0.125959300913,0.126486440385,0.126408721104,0.126273557136,0.126675669939,0.126739872823,0.127219704906,0.127452862749,0.1276556087,0.128061100601,0.128358461329,0.128649063858,0.128818018817,0.129321504594,0.129591832528,0.129909467851,0.13007504371,0.13020007038,0.13032171795,0.130936714,0.131615912935,0.131697011315,0.131892999067,0.132318765564,0.132355935655,0.132565439804,0.132754669358,0.133207468647,0.133653509739,0.13344062649,0.133052030085,0.133781915507,0.133930595871,0.133971145061,0.134400290657,0.134815919855,0.13479564526,0.135160587971,0.135109901484,0.135603249964,0.135917506187,0.135441053203,0.135795858617,0.135633661856,0.136099977543,0.135829649608,0.136444645659,0.136471678452,0.137282662254,0.137404309825,0.137765873437,0.138103783354,0.138293012908,0.138502517057,0.138637681024,0.13877960319,0.138864080669,0.138712021206,0.138282875611,0.138583615437,0.137951723891,0.137809801726,0.13787400461,0.138289633809,0.13808012966,0.137948344792,0.137860488214,0.138184881735,0.138019305875,0.137745598842,0.138117299751,0.138566719942,0.13844845147,0.138353836693,0.13799903128,0.138316666602,0.137995652181,0.137367139734,0.137867246412,0.137867246412,0.137786148032,0.13697178513,0.137086674502,0.13647843665,0.136181075923,0.135549184377,0.135275477343,0.135647178253,0.135157208872,0.134988253913,0.135251823649,0.135468085996,0.135272098244,0.135336301129,0.135809375013,0.135920885286,0.135799237716,0.135312647434,0.135667452848,0.135484981492,0.13483957355,0.13454897102,0.134079276235,0.134001556954,0.133575790457,0.133582548656,0.13331897892,0.133295325226,0.132126156911,0.131649703927,0.131274623918,0.131109048058,0.130906302108,