# R script for Peak Model
#  -- generated by MACS
p <- c(0.0401472772811,0.0468436811721,0.053489472708,0.0602287024378,0.0668277748769,0.0667265501669,0.0672209939426,0.0669523591353,0.0670847299099,0.0670302242968,0.0667771625219,0.06678105578,0.0667421231992,0.0667382299411,0.0669173198126,0.0670730501357,0.0666253254569,0.0664540221016,0.0665396737792,0.0666408984892,0.06657860636,0.0668044153284,0.0669523591353,0.0668978535222,0.0666759378119,0.0664384490693,0.0666486850054,0.0672638197814,0.0671003029422,0.0666992973604,0.0669523591353,0.0666603647796,0.0667771625219,0.0668199883607,0.0670224377807,0.067294965846,0.0672832860718,0.0670146512645,0.0669679321676,0.0672793928137,0.0672209939426,0.0675986399759,0.0673728310075,0.0670574771034,0.0670769433937,0.0668433479092,0.0669835051999,0.0668472411672,0.0666720445538,0.0666992973604,0.0664890614242,0.0660958423586,0.0660802693262,0.0663372243593,0.0660374434874,0.0659946176486,0.0658817131644,0.0656792637444,0.0659478985517,0.0656013985829,0.0658894996805,0.0660374434874,0.0659790446163,0.0659167524871,0.0659323255194,0.0660491232616,0.065912859229,0.0658700333901,0.0659323255194,0.0662866120043,0.0659362187774,0.0659167524871,0.0660530165197,0.0659751513582,0.0659011794547,0.0658583536159,0.0657960614867,0.065862246874,0.0655118536471,0.0654690278083,0.0656364379056,0.0655663592602,0.0654262019695,0.0654846008406,0.0658544603578,0.0659011794547,0.0659323255194,0.0658505670998,0.0659167524871,0.0655001738729,0.0654807075825,0.0651770334526,0.0650329829038,0.0651848199687,0.0650602357103,0.0649901570649,0.064888932355,0.0650719154845,0.0651069548072,0.0652977244529,0.0653094042272,0.0657337693575,0.0659751513582,0.0659517918097,0.0658700333901,0.0656013985829,0.0657454491317,0.0656948367767,0.0656753704863,0.0658466738417,0.0657026232929,0.0653210840014,0.065453454776,0.0653989491629,0.065044662678,0.064888932355,0.0647838143869,0.0647137357415,0.0647643480965,0.064585258225,0.0649512244842,0.0650407694199,0.0649862638069,0.064842213258,0.0652042862591,0.0653872693887,0.0654456682598,0.0656753704863,0.0658739266482,0.0658194210351,0.0654768143244,0.0655819322925,0.0652159660333,0.0651342076137,0.0648850390969,0.0650680222265,0.0650680222265,0.0650213031295,0.0648694660646,0.0648772525807,0.0650524491942,0.0649590110003,0.0647993874192,0.0648461065161,0.0651069548072,0.0651108480653,0.065200393001,0.0650057300972,0.0650485559361,0.0651069548072,0.0651225278395,0.0651303143557,0.0655936120667,0.0656987300348,0.0657220895832,0.0656169716152,0.0655780390344,0.0651770334526,0.0649512244842,0.0648655728065,0.0650174098715,0.0651069548072,0.0652354323237,0.0652704716464,0.0651342076137,0.0656130783571,0.0658388873255,0.0665007411985,0.0669484658772,0.0670263310388,0.0668667074576,0.0670263310388,0.0669484658772,0.067038010813,0.0670029714903,0.0665318872631,0.066220426617,0.0661776007782,0.0659050727128,0.0661814940362,0.0661153086489,0.0662009603266,0.0662282131331,0.0660101906809,0.0663450108754,0.0666681512957,0.0672871793299,0.0672365669749,0.067345578201,0.0673105388783,0.0675713871694,0.0671275557487,0.0673845107818,0.0676064264921,0.0674117635883,0.0673806175237,0.0671470220391,0.0671353422649,0.0674818422337,0.067653145589,0.067602533234,0.0679178871382,0.0673767242656,0.0674390163948,0.0678478084928,0.0679295669124,0.067906207364,0.0681242298162,0.0681553758808,0.0677154377182,0.067653145589,0.0678478084928,0.0684785163011,0.068369505075,0.0684590500108,0.0687627241407,0.0687821904311,0.0689612803026,0.069035252206,0.0693506061102,0.0695258027236,0.0693739656587,0.0691715162387,0.0694128982394,0.0694868701429,0.0694596173363,0.0699968869508,0.0700241397574,0.0697555049501,0.0699384880797,0.0703978925327,0.0707327127272,0.0706275947592,0.070771645308,0.0707288194692,0.070771645308,0.0703589599519,0.07036285321,0.0707521790176,0.0708611902437,0.070872870018,0.0709429486633,0.0714140328906,0.0713556340194,0.0718228249885,0.0719941283439,0.0720603137312,0.0722394036027,0.0722510833769,0.0727221676041,0.0725313979584,0.0726365159265,0.0725742237972,0.0728311788303,0.0727844597334,0.0729869091533,0.0734346338321,0.0734541001225,0.0737227349297,0.0734190607998,0.0736215102197,0.0739602236723,0.0742716843184,0.0748050606749,0.0749374314495,0.0750386561594,0.075167133676,0.0752372123213,0.0752761449021,0.0756109650966,0.0760314369689,0.0763351110988,0.0764791616476,0.0765764930995,0.0767867290356,0.0768645941971,0.0769736054233,0.0776938581674,0.0778963075873,0.0780403581361,0.0778379087162,0.0781143300396,0.0781766221688,0.0787411445898,0.0788151164933,0.0792239085913,0.0792900939786,0.0791148973652,0.079157723204,0.0795081164308,0.0796638467539,0.0795704085601,0.0798662961738,0.0794964366566,0.079722245625,0.0798390433673,0.0802011163684,0.0806877736279,0.0810615264032,0.0813768803074,0.0820192678899,0.0825954700852,0.0831716722805,0.0842501047676,0.0855154136423,0.0868352281301,0.0879448066818,0.0888908683943,0.0899147952684,0.0910944524654,0.0921495254041,0.0927296208574,0.0934498736015,0.0938937050222,0.0940844746679,0.0941895926359,0.0942129521844,0.0943920420559,0.0949760307673,0.0948203004443,0.0945905982178,0.0949954970577,0.0952563453488,0.095470474543,0.0955755925111,0.0955872722853,0.0960427834802,0.0961556879644,0.0960622497706,0.0967435699339,0.0974949687426,0.0974871822264,0.0978531484856,0.0979971990344,0.0981412495832,0.0982580473255,0.0983242327128,0.0987797439077,0.0990600584892,0.0993481595868,0.0994260247484,0.099764738201,0.0999866539113,0.0999477213306,0.100679653849,0.100901569559,0.101298681883,0.101621822303,0.102061760466,0.102034507659,0.102143518885,0.102630176145,0.102824839049,0.103404934502,0.103046754759,0.103837086149,0.104222518698,0.104386035537,0.104654670345,0.104903838861,0.105701956767,0.106013417413,0.106274265704,0.106644125222,0.107352698191,0.107414990321,0.108006765548,0.108364945291,0.108890535131,0.109462844069,0.109587428327,0.109793771005,0.110085765361,0.110517917007,0.11075540575,0.110790445073,0.110817697879,0.111253742784,0.111541843881,0.111545737139,0.111942849463,0.112199804496,0.112285456174,0.112133619109,0.112690355014,0.113289916757,0.113484579661,0.113784360533,0.11395177063,0.114267124535,0.114477360471,0.114699276181,0.115400062635,0.115633658119,0.115259905344,0.116100849088,0.116268259186,0.116712090606,0.116774382736,0.117214320898,0.117436236609,0.117553034351,0.118358938773,0.118974073549,0.11953859597,0.11884948929,0.119320573517,0.119425691485,0.119815017293,0.119896775713,0.120761079006,0.121730500267,0.121605916008,0.121827831718,0.122489685591,0.123178792271,0.12326055069,0.123610943917,0.123984696693,0.124490820243,0.124163786564,0.124634870791,0.124852893244,0.124989157276,0.125028089857,0.125619865085,0.126597072862,0.126951359347,0.127173275057,0.127356258187,0.127687185123,0.127387404251,0.127920780608,0.128232241254,0.128683859191,0.128820123223,0.129182196224,0.129672746742,0.130287881518,0.130953628649,0.131105465714,0.131557083651,0.131705027458,0.132654982428,0.132721167815,0.133336302591,0.133445313818,0.133320729559,0.133604937399,0.133721735141,0.134329083401,0.134807954144,0.135267358597,0.135134987823,0.134765128305,0.134772914822,0.134831313693,0.134963684467,0.135103841758,0.135816307986,0.136018757406,0.135898066406,0.136264032665,0.136380830407,0.137525448281,0.137509875249,0.138128903283,0.138868622318,0.138732358285,0.138607774027,0.13890366164,0.139359172835,0.13971345932,0.140511577226,0.140764639001,0.141142285034,0.141336947938,0.141570543423,0.142501032103,0.142715161297,0.14287089162,0.14349770617,0.143279683718,0.143096700588,0.143287470234,0.143906498268,0.143583357848,0.143548318525,0.143610610654,0.143820846591,0.144334756657,0.144525526302,0.144354222947,0.144474913947,0.144400942044,0.144580031915,0.145241885788,0.145533880144,0.145549453176,0.145526093628,0.145308071176,0.1448136274,0.145027756594,0.144735762238,0.144720189206,0.144404835302,0.144112840946,0.144097267914,0.143626183687,