# R script for Peak Model
#  -- generated by MACS
p <- c(0.0391427896034,0.0455504855629,0.0520963528638,0.0587400915316,0.0653953444778,0.0659998440967,0.0660228726536,0.065907729869,0.0664258723995,0.0662589153619,0.0662013439696,0.0665122294879,0.0661495297166,0.0661437725773,0.0659883298182,0.0651765731872,0.065245658858,0.0650211304281,0.0648829590867,0.0648311448336,0.0648196305552,0.0649117447828,0.064992344732,0.065170816048,0.065349287364,0.0651420303519,0.0652859588325,0.0649290162005,0.0646181306822,0.0646181306822,0.064433902227,0.0638984882789,0.0642496737717,0.0637430455197,0.0634724599761,0.0639848453673,0.0639157596965,0.0644684450623,0.0647966019983,0.0650671875419,0.0651823303265,0.0653147445287,0.0650902160988,0.0654011016171,0.0655335158193,0.0659422727044,0.0658731870337,0.0658328870591,0.0656774443,0.0657925870845,0.0660113583751,0.0661265011597,0.0663164867541,0.0665870722978,0.0666907008039,0.0665352580448,0.0667367579177,0.0665122294879,0.0667425150569,0.0668058435884,0.0667597864746,0.0665179866271,0.0663740581464,0.0665122294879,0.0664086009818,0.0660631726282,0.0654701872878,0.0654011016171,0.0654011016171,0.0652053588834,0.0649405304789,0.0651765731872,0.0654989729839,0.0651305160734,0.0648081162767,0.0652168731618,0.0656544157431,0.0658847013121,0.0655104872624,0.0656083586292,0.0657177442746,0.065781072806,0.0653608016425,0.0650902160988,0.0654298873132,0.065044158985,0.0649578018966,0.0649520447574,0.0651362732126,0.0650038590104,0.0651535446303,0.0654183730348,0.0655853300723,0.0662531582227,0.066235886805,0.0664316295387,0.0669440149299,0.0673873146503,0.0676406287763,0.0678709143454,0.0677903143962,0.0677154715863,0.0677788001178,0.0679515142946,0.0678651572062,0.0674736717387,0.0671858147774,0.0669670434868,0.0669555292083,0.0668864435376,0.0670015863221,0.0668864435376,0.0669958291829,0.0665698008801,0.0669843149045,0.0677154715863,0.0677269858647,0.0674506431818,0.0676982001686,0.067963028573,0.0678594000669,0.067606085941,0.0678075858139,0.0675485145487,0.0671743004989,0.0672836861443,0.0673239861188,0.0672894432835,0.0672491433089,0.0668691721199,0.0671858147774,0.0675830573841,0.0678709143454,0.0682739140913,0.0687402423687,0.0685041996604,0.0682048284206,0.0686193424449,0.0682451283951,0.0679054571808,0.0680493856614,0.0681760427244,0.0680436285222,0.0681817998636,0.0684120854327,0.0687402423687,0.069079913583,0.0692871705952,0.0696095703919,0.0700701415301,0.0700298415555,0.0701277129223,0.0700989272262,0.0704155698837,0.0703176985168,0.0702255842892,0.0703407270737,0.0700528701124,0.0698340988218,0.0700989272262,0.0702486128461,0.0702083128715,0.0698628845179,0.0695692704173,0.0691720278107,0.0692353563422,0.0692238420637,0.0696671417842,0.0703752699091,0.0704270841621,0.0704731412759,0.0703579984914,0.0709164409964,0.0706631268704,0.0713309550207,0.071463369223,0.0719009118042,0.0719412117788,0.0720563545633,0.0720505974241,0.0721139259556,0.0724708685877,0.0721542259302,0.0724996542838,0.0725226828407,0.0726263113468,0.0728911397512,0.0729602254219,0.0729141683081,0.0730350682319,0.0728162969413,0.0728911397512,0.0734380679778,0.0735819964584,0.0731444538772,0.0729544682827,0.072758725549,0.0727932683844,0.072885382612,0.0732480823833,0.0738583391413,0.0741577103811,0.0742440674695,0.0742843674441,0.0747967528353,0.0749637098729,0.0747967528353,0.0747449385823,0.0745261672916,0.0743592102541,0.074128924685,0.0744225387856,0.0745434387093,0.0747449385823,0.0751479383281,0.0754645809856,0.0757754665039,0.0760690806044,0.0763914804011,0.0766505516664,0.077122637083,0.0773183798167,0.0772435370067,0.0773586797913,0.0776407796134,0.0773586797913,0.077427765462,0.077606236778,0.0774507940189,0.0774104940443,0.0772320227283,0.0774623082973,0.0780552936377,0.0785619218897,0.0780322650808,0.078671307535,0.0790167358886,0.0788900788256,0.0796327497859,0.0801566494555,0.0806287348721,0.0804848063914,0.0808475061627,0.0806632777075,0.0810202203395,0.0810490060357,0.0811756630987,0.0818837912236,0.0817283484644,0.0821083196534,0.0819298483374,0.0822925481087,0.082021962565,0.0823789051971,0.0827934192214,0.0830524904866,0.0832309618026,0.0834957902071,0.08377213289,0.0838066757253,0.0837836471684,0.0835648758778,0.0836857758016,0.0838469756999,0.0841924040535,0.0843420896734,0.0844111753442,0.0839966613198,0.0846932751663,0.0844687467364,0.0848775036215,0.0848890179,0.0851077891906,0.0854129175696,0.0850732463552,0.0854877603796,0.0862304313398,0.0868925023509,0.0866046453896,0.0874221591598,0.087807887488,0.0882684586261,0.088619644119,0.0887175154858,0.0890168867256,0.0884526870814,0.0881360444239,0.0886426726759,0.0887866011566,0.0886484298151,0.0887002440682,0.0889938581687,0.0888038725742,0.0888902296626,0.0890859723964,0.0897538005467,0.0901568002926,0.0897077434329,0.09054828576,0.0914751851755,0.092171799022,0.0929144699822,0.0946531260287,0.0961154393924,0.097502909946,0.0988270519682,0.10074993647,0.102206492694,0.103098849275,0.104014234412,0.105298076459,0.105931361774,0.106224975875,0.106547375671,0.106846746911,0.107220960961,0.10678341838,0.107313075189,0.108061503288,0.108136346098,0.108297545996,0.108470260173,0.108516317287,0.108746602856,0.109368373893,0.109765616499,0.110070744878,0.110289516169,0.110341330422,0.110865230092,0.110859472952,0.111187629888,0.111579115356,0.111625172469,0.111746072393,0.111492758267,0.11221815781,0.112235429228,0.11184394376,0.111417915457,0.111648201026,0.112212400671,0.112459957657,0.113288985706,0.11355381411,0.114480713526,0.114423142134,0.114889470411,0.115442155777,0.115465184334,0.116230883851,0.116702969268,0.116605097901,0.116340269496,0.116576312205,0.116725997824,0.116553283648,0.116582069344,0.116576312205,0.117675925797,0.117572297291,0.117589568709,0.118349511086,0.118493439567,0.118666153744,0.118746753693,0.118856139338,0.119161267717,0.119546996046,0.119834853007,0.120376024094,0.120352995537,0.120450866904,0.120940223739,0.121279894953,0.121705923256,0.123145208062,0.123553964948,0.123818793352,0.1240605932,0.124452078667,0.124924164084,0.124814778438,0.125448063753,0.125914392031,0.126196491853,0.125822277803,0.126006506258,0.126495863092,0.126933405674,0.126248306106,0.12666282013,0.127157934104,0.126939162813,0.126645548712,0.126875834281,0.126858562864,0.126985219927,0.126824020028,0.126593734459,0.12763001952,0.127589719546,0.127572448128,0.127756676583,0.128482076126,0.128067562101,0.128292090531,0.129005975795,0.129368675567,0.129374432706,0.129253532782,0.129696832503,0.13061221764,0.130911588879,0.130600703361,0.131038245942,0.131498817081,0.131786674042,0.132103316699,0.132742359154,0.132926587609,0.132938101887,0.132938101887,0.132966887583,0.133254744545,0.134078015454,0.134475258061,0.134394658112,0.134964614895,0.135045214844,0.135661228742,0.136398142563,0.136259971221,0.136467228233,0.136651456689,0.13619664269,0.136018171374,0.136012414234,0.135494271704,0.135810914362,0.13567274302,0.135810914362,0.136185128411,0.136472985373,0.136743570916,0.13768198461,0.137630170357,0.138102255774,0.137946813015,0.137797127395,0.137779855977,0.13716384208,0.136847199422,0.136766599473,0.136870227979,0.136208156968,0.136259971221,0.135810914362,0.136622670993,0.136438442537,0.136288756917,0.136306028335,0.136755085195,0.136858713701,0.136824170865,0.137129299244,0.137676227471,0.137739556003,0.137319284839,0.137342313396,0.137307770561,0.136945070789,0.136818413726,0.136691756663,0.136213914107,0.136116042741,0.135741828691,0.135649714463,0.135235200439,0.134976129174,0.135206414743,0.135661228742,0.134889772085,0.135056729123,0.135114300515,0.135056729123,0.135033700566,0.134647972238,0.134970372034,0.134820686414,0.134273758188,0.133905301277,0.13425648677,0.134078015454,0.134440715226,0.134561615149,0.134244972492,0.134745843605,0.134653729377,0.13470554363,0.134763115022,0.13470554363,0.13470554363,0.134337086719,0.133985901227,0.132966887583,0.132863259077,0.132437230775,0.132143616674,0.132057259586,0.131619717004,0.130842503209,