# R script for Peak Model
#  -- generated by MACS
p <- c(0.0391717154297,0.0455543272089,0.0520540140936,0.0586223312124,0.0651018327341,0.0651099068793,0.0654207614694,0.0656145409542,0.0659819145607,0.0660828413757,0.0661837681906,0.0666601427573,0.0664179184014,0.066522882289,0.0668579593147,0.0667852920079,0.0665309564342,0.0664744374178,0.0663371769494,0.0666197720314,0.066623809104,0.066543067652,0.0668216256613,0.0665794013054,0.0661514716099,0.0661555086825,0.0661111008839,0.0661716569728,0.0661756940454,0.0660061369963,0.0657639126403,0.065586281446,0.0657477643499,0.0660142111415,0.066401770111,0.066502696926,0.0663250657316,0.0663654364576,0.0661393603921,0.0662241389166,0.066321028659,0.0663654364576,0.066300843296,0.0661151379565,0.0658971360361,0.0658769506731,0.0663573623124,0.0664300296192,0.0666399573944,0.0668539222421,0.0669023671133,0.0670436646543,0.0669225524763,0.0669104412585,0.0667085876285,0.0664623262,0.0665551788698,0.0663573623124,0.0661272491743,0.0658446540923,0.0661756940454,0.0658285058019,0.0659253955443,0.0659738404155,0.0665067339986,0.0665915125232,0.0665874754506,0.0666884022655,0.0670113680735,0.067156702687,0.0669669602749,0.067217258776,0.0672616665746,0.067439297769,0.0672858890102,0.0672818519376,0.0672535924294,0.0671163319611,0.0667166617737,0.0668539222421,0.0669064041859,0.0665592159424,0.0664946227808,0.0663371769494,0.0663775476754,0.0664865486356,0.0662846950056,0.0663371769494,0.0669387007667,0.0667328100641,0.0665390305794,0.0667126247011,0.0669185154037,0.0670961465981,0.0669952197831,0.0670678870899,0.0673141485184,0.067479668495,0.0672414812116,0.0673262597362,0.067318185591,0.0676815221249,0.0677743747947,0.0677663006495,0.0678551162467,0.0681296371834,0.0680287103685,0.0680569698767,0.0680488957315,0.0679560430617,0.0680044879329,0.0677582265043,0.0674352606964,0.0674514089868,0.0674312236238,0.0672697407198,0.0672253329212,0.0673141485184,0.0675725211648,0.0680125620781,0.0679439318439,0.0682991942326,0.0682588235066,0.0684404917736,0.0686948273473,0.06849701079,0.068557566879,0.0684889366448,0.0681498225464,0.0680569698767,0.0683516761764,0.0682023044902,0.0683234166682,0.0682063415628,0.0679035611179,0.0680811923123,0.0683395649586,0.0687836429445,0.0689693482841,0.0688966809773,0.0689733853567,0.0689612741389,0.0693084623824,0.0694497599234,0.0697283179327,0.0696879472067,0.069373055544,0.0692236838578,0.0692236838578,0.0692034984948,0.0689531999937,0.0691429424058,0.0694295745604,0.0694295745604,0.0695789462465,0.0694578340686,0.0699745793613,0.0699099861997,0.0698575042559,0.0701320251926,0.0706931782839,0.0706164739045,0.0705841773237,0.0704146202746,0.0702854339514,0.0706608817031,0.0708788836235,0.0711937752862,0.0716378532721,0.0712341460122,0.0711897382136,0.0714844445133,0.0714037030614,0.0719729302978,0.0719325595719,0.0719446707896,0.0715127040215,0.0714844445133,0.0718033732487,0.0722070805086,0.0721101907662,0.072182858073,0.0722393770894,0.0721868951456,0.0729700872298,0.0729418277216,0.0730911994078,0.072957976012,0.0723524151222,0.0724331565741,0.0726996033657,0.0729458647942,0.0732163486584,0.0731356072064,0.0729700872298,0.0735917964101,0.0734908695951,0.0737492422415,0.0743426919135,0.0744678411641,0.0747383250283,0.0746575835763,0.0744638040915,0.0745929904147,0.0745647309065,0.0743870997121,0.0746252869955,0.074891733787,0.0747504362461,0.0748957708596,0.0749482528034,0.0750451425458,0.0757274078151,0.0759171502272,0.0759777063162,0.0760019287518,0.076070558986,0.0761835970188,0.0765792301335,0.0768618252154,0.0768376027798,0.0767891579086,0.0766801569485,0.077027345192,0.0774673861053,0.0777338328968,0.0781980962457,0.0780567987048,0.0782223186813,0.0781617625924,0.0784766542551,0.0791064375806,0.0789772512574,0.0791871790325,0.079021659056,0.0792436980489,0.0795101448405,0.0799501857538,0.0798896296648,0.0803740783767,0.0803215964329,0.0803498559411,0.0804588569013,0.0802731515617,0.080652636386,0.0807414519832,0.0809311943954,0.0811007514445,0.0814317913977,0.0815004216319,0.0821019454491,0.0818677952384,0.0819323884,0.0824652819831,0.0826832839034,0.0830264350743,0.0833615121001,0.0837732935052,0.0839428505544,0.0837409969244,0.0833978457535,0.0837571452148,0.0842012232007,0.0841810378377,0.083866146175,0.0838177013038,0.083825775449,0.0837288857066,0.0837167744888,0.0842658163623,0.0848794513974,0.0850530455191,0.0853194923107,0.0855617166666,0.0859775351443,0.0859694609991,0.0860017575799,0.0865992443246,0.0867042082122,0.0866840228492,0.086615392615,0.0868495428258,0.0871119525447,0.0878547739029,0.0883594079778,0.0889407464321,0.0891103034813,0.0890093766663,0.0898531248395,0.0901155345585,0.0904788710924,0.0907453178839,0.0910561724741,0.0907574291017,0.0905878720526,0.0901236087037,0.0903375735514,0.0904142779308,0.0904950193828,0.0912216924506,0.091480065097,0.0919927733171,0.0925700746988,0.0933694150734,0.0943867573684,0.0959652527547,0.0970956330824,0.0983551997334,0.0993281342298,0.099848916595,0.101132705682,0.101915897766,0.102573940599,0.103098760037,0.103789099452,0.1040030643,0.10422106622,0.104108028187,0.104176658421,0.104580365681,0.104285659382,0.104818552965,0.10473377444,0.104879109054,0.1048427754,0.105359520693,0.105440262145,0.106066008398,0.106562568327,0.107115647274,0.107854431559,0.107858468632,0.108516511465,0.108835440201,0.108984811887,0.109227036243,0.109832597133,0.109659003011,0.109509631325,0.109872967859,0.109776078116,0.110070784416,0.110304934627,0.110882236009,0.111572575423,0.111669465165,0.111943986102,0.112618177226,0.112836179147,0.112662585025,0.112513213339,0.112593954791,0.112618177226,0.112388064088,0.112517250411,0.112351730435,0.11256165821,0.112715066969,0.11349422198,0.113776817062,0.114390452097,0.114975827624,0.115658092893,0.116162726968,0.116606804954,0.117212365844,0.117680666266,0.117914816476,0.117644332612,0.117773518935,0.118080336453,0.118415413479,0.11835485739,0.118835269029,0.118940232916,0.118920047553,0.118920047553,0.119154197764,0.119755721582,0.119888944977,0.119973723502,0.120014094228,0.120070613244,0.120175577132,0.120151354696,0.120777100949,0.120878027764,0.121624886195,0.121915555422,0.122375781698,0.123013639169,0.123183196218,0.123921980504,0.124216686804,0.124539652612,0.124713246733,0.125028138396,0.124551763829,0.124761691604,0.125149250574,0.125286511042,0.126037406546,0.125956665094,0.126223111885,0.126533966476,0.126574337201,0.126925562518,0.127143564438,0.127107230785,0.12692959959,0.127232380035,0.127171823946,0.127127416148,0.127357529286,0.127664346803,0.127991349684,0.127878311651,0.128378908653,0.128693800316,0.129323583642,0.129202471464,0.129311472424,0.129993737693,0.129997774766,0.130094664508,0.130126961089,0.130756744414,0.131273489707,0.131455157974,0.131535899426,0.131870976452,0.131963829121,0.132165682751,0.132549204648,0.133005393852,0.133461583056,0.13353021329,0.133401026967,0.133554435725,0.133679584976,0.133764363501,0.133828956662,0.133740141065,0.134164033688,0.134115588817,0.134745372142,0.134709038489,0.134894743828,0.135060263805,0.135811159308,0.136457090924,0.136864835257,0.137280653734,0.136828501603,0.137167615702,0.136905205983,0.136832538676,0.136824464531,0.136743723079,0.136299645093,0.135871715397,0.135665824695,0.135306525233,0.135601231533,0.135173301838,0.135262117435,0.13567389884,0.136130088044,0.136259274367,0.136089717318,0.135843455889,0.135427637411,0.135633528114,0.13556489788,0.135532601299,0.134923003337,0.135023930152,0.134547555585,0.134547555585,0.134894743828,0.135209635491,0.13567389884,0.13565775055,0.135447822774,0.135613342751,0.135815196381,0.135661787622,0.13569004713,0.135132931112,0.134684816053,0.13436992439,0.134236700995,0.13385721617,0.133602880597,0.133614991814,0.133897586896,0.133590769379,0.1329246524,0.133602880597,0.133627103032,0.133590769379,0.133292026006,0.133538287435,0.133457545983,0.133538287435,0.13323550699,0.133158802611,0.133300100152,0.132734909988,0.132177793969,0.132177793969,0.132016311065,