# R script for Peak Model
#  -- generated by MACS
p <- c(0.040233233385903316,0.046951528054163756,0.0535972297961207,0.06027906376383956,0.0669789638444394,0.06702692116226885,0.0671027988363689,0.06712217884836848,0.06712743444484294,0.06709655781555547,0.06716290972104555,0.06716882226707932,0.06730316845195775,0.0674089373310063,0.06745558074971715,0.0674565661740561,0.06743390141425999,0.0674651065183271,0.06748054483297083,0.0675626635278843,0.06760569372401896,0.06761029237093412,0.06753441469683408,0.06753671402029164,0.06758171506510423,0.06764346832367915,0.0676930680154069,0.06773938295933808,0.06781197588564158,0.06787274371987755,0.06788916745886024,0.06794829291919793,0.06801661567336593,0.06799657871180706,0.06805800349560233,0.06797457090157025,0.06797161462855336,0.06798179734672263,0.06800019193438325,0.06800216278306118,0.06803632416014517,0.06812895404800756,0.0681920212057011,0.06823537987661542,0.06822224088542926,0.0682688843041401,0.06822848190624269,0.06823143817925957,0.06823078122970026,0.06823275207837819,0.06826231480854703,0.06821994156197168,0.06828990669003795,0.068374324708409,0.06833063756271503,0.0683785948805445,0.06848797698216923,0.06861115502453943,0.06864597335118273,0.0686853903247412,0.06871133983233386,0.06878984530467114,0.06871823780270658,0.06866863811097886,0.06870082863938494,0.06874188798684167,0.06877834868738325,0.06870838355931698,0.06871626695402867,0.06872250797484208,0.06870706966019836,0.06875962562494298,0.0687822903847391,0.06887656264649974,0.06896525083700629,0.06902043459998815,0.069032916641615,0.06908251633334273,0.06915346688574796,0.06922113269035665,0.06923755642933935,0.06916200723001896,0.06926252051259305,0.06924346897537312,0.06932854394330347,0.06931606190167662,0.06935088022831992,0.06939653822269182,0.06942971417543685,0.06941985993204725,0.06955322069258671,0.06965504787427941,0.06968625297834652,0.06968559602878721,0.06965406244994045,0.06972731232580326,0.06975983132898898,0.06975391878295521,0.06974932013604006,0.06986592868281719,0.06982815408315698,0.06983209578051283,0.06985541748986826,0.06991322905108734,0.07000980063630557,0.07003870641691512,0.07011524104057447,0.07019341803813209,0.07028998962335033,0.07023513433514812,0.07029688759372305,0.07038426188511097,0.07038721815812786,0.07039148833026336,0.07040594122056813,0.0703684950956876,0.07036225407487418,0.07040856901880536,0.07042105106043221,0.07054094435500587,0.07063061796985137,0.07059974134056392,0.07069598445100249,0.07080963672476273,0.07092624527153985,0.0710619053555369,0.07114698032346725,0.07124815055560063,0.0713345394226496,0.07129019532739633,0.07133289704875133,0.07145968831369773,0.0715460771807467,0.07161472840969435,0.07160684501498266,0.07175170239281001,0.07179571801328362,0.07184663160412998,0.07195075810928026,0.07203287680419371,0.07208346192026041,0.07210744057917515,0.07218496062717346,0.07232357698418738,0.07233310275279735,0.0723554390378138,0.07242934586323592,0.07255942187597886,0.07257387476628363,0.07268391381746767,0.07278508404960106,0.07284979358119287,0.07286424647149764,0.07289315225210719,0.07307315643135749,0.07310567543454323,0.07321275821271038,0.07326005858098054,0.07336615593480875,0.07343185089073952,0.07350641466572094,0.07363879000192144,0.07376919448944402,0.07381321010991765,0.07388843083445838,0.074009309553371,0.07407566145886109,0.07411146520984335,0.07415416693119836,0.07424384054604385,0.07439132572210845,0.07452041631051241,0.07461534552183238,0.07470370523755927,0.07474739238325323,0.0748508619388442,0.07496976980907889,0.07506305664650059,0.07515535805958333,0.07539383074961203,0.07546905147415277,0.07554657152215108,0.07567106346363989,0.07576106555326505,0.07588161579739802,0.07593712803515952,0.07604223996464876,0.07619596616152677,0.07639666425189527,0.0764071754448442,0.07648009684592735,0.07656582876341701,0.07661739930382266,0.07676619837900586,0.07690514321079946,0.07710452740204934,0.07723558883913123,0.0772750058126897,0.0773305180504512,0.07745862321451621,0.07756340666922579,0.0777506372936285,0.07784655192928742,0.07796348895084419,0.07800520524786024,0.0780403520492832,0.07809290801402782,0.07827159829415951,0.07841251397463103,0.07855244423076357,0.07871766704492947,0.07879091692079228,0.07894234379421271,0.07907209133217598,0.07925669415834145,0.07943669833759177,0.0796058628491135,0.07969849273697589,0.07986765724849763,0.07997999562313926,0.08008477907784883,0.0802394906990658,0.08041358233228235,0.08052000816089021,0.08062873331295563,0.08076932051864749,0.0808645782047471,0.08104129763620088,0.08115133668738493,0.08131097543029671,0.08142955482575175,0.08156981355666396,0.08162466884486615,0.08183127948126842,0.0819909182241802,0.08214365899671924,0.08235585370437565,0.08253651483318526,0.08271717596199489,0.08288174182660148,0.08309262263513925,0.08323222441649214,0.08352818019296028,0.08371869556515951,0.08399034420793326,0.084159508719455,0.08432506000840055,0.08440389395551748,0.08451426148148117,0.08470576227801938,0.08487755458777835,0.0851469039070945,0.08534168945142925,0.08550691226559515,0.08563337505576188,0.0857798748074875,0.0859933834142625,0.08621181914273233,0.0864384667406935,0.08658660886631739,0.08665033297357023,0.08672653912244993,0.08681621273729544,0.08701855320156221,0.08709804409823844,0.08730432625986108,0.08739925547118105,0.08757958812521101,0.08773594212032625,0.08788047102337394,0.08817182815292693,0.08831602858119497,0.0885088432768518,0.08863432064267956,0.08886950858491173,0.08908104634300881,0.08925053932931021,0.0894236455381878,0.08968149824021608,0.08985460444909366,0.09011672732325744,0.09035651391240476,0.09052896317172304,0.09076152331571798,0.09100952177435664,0.0911258018463541,0.0913636175868235,0.09162409808708902,0.09173150934003584,0.09206031259446934,0.09215425638145035,0.09232243546863313,0.09251426473995099,0.0927455109848273,0.0928851127661802,0.09310880409112447,0.0934211836065753,0.09358049387470742,0.0938176526656175,0.09396119614432624,0.09427981668059049,0.09469402337773401,0.0949725699908805,0.09520578708443474,0.09560554089127349,0.09594748313689315,0.09616756123926123,0.09650621873708437,0.09682845249592481,0.09715856964947694,0.09746109492153815,0.09759347025773865,0.09787333077000375,0.09820344792355588,0.09838443752714515,0.09853487897622662,0.09870699976076525,0.0989536843202853,0.09918066039302612,0.09939778222237731,0.0995396833271878,0.09975286345918315,0.10004914771043093,0.10018152304663143,0.10031586923150987,0.10053857513211518,0.10081153767400754,0.10092781774600501,0.10112030396688218,0.10130852001562383,0.10158772357832963,0.10179991828598602,0.10191192818584799,0.10220886938665508,0.10247460548339504,0.10271110732474582,0.10283395689233638,0.10303925362962003,0.10325079138771713,0.10343670811300121,0.10369061911767365,0.10393106265638027,0.10414752753617217,0.1042056675721709,0.10445727925338576,0.10461921731975511,0.10486327408103793,0.10514576239154026,0.1053783225355352,0.10549558803187162,0.10556062603824308,0.10578234651450943,0.10604578328779184,0.10629608106988808,0.10639790825158078,0.10661470160615233,0.1068213122425546,0.10695303062919581,0.10710347207827728,0.10730712644166267,0.10747859027664199,0.10763987139345203,0.1076806022661291,0.10786323424361666,0.10807214420347651,0.10824787821059133,0.10845613122089189,0.10862069708549846,0.10878493447532539,0.10896461017979606,0.10922837542785811,0.1094441833580907,0.10970170758533933,0.10987054362208142,0.1100571172969248,0.11024894656824266,0.11042993617183194,0.11063818918213249,0.11077877638782434,0.1109663354870067,0.11107407521473316,0.11114042712022323,0.11126524753649171,0.11154477957397714,0.11169784882129584,0.11191661302454532,0.11205785717979648,0.11222767864087753,0.11243396080250015,0.11262579007381801,0.1128038234043904,0.11300912014167407,0.11319273754350057,0.11327551318797334,0.11342004209102105,0.11346701398451155,0.11372355278742122,0.11389140339982434,0.1140405309497872,0.11420838156219032,