# R script for Peak Model
#  -- generated by MACS
p <- c(0.0391949177813,0.0448248633665,0.0513136142104,0.0571105497069,0.0636947233574,0.0636231562525,0.0632414650263,0.0639332803737,0.0635993005508,0.0628359180986,0.061643133017,0.0626212167839,0.0622395255578,0.06300290801,0.0627643509937,0.0632891764296,0.0635515891476,0.0622156698562,0.0626212167839,0.0629551966068,0.0640525588818,0.0638378575671,0.0640287031802,0.0639571360753,0.0639332803737,0.0636231562525,0.0635515891476,0.0642672601965,0.0641479816884,0.064625095721,0.0643149715998,0.0641479816884,0.0641956930916,0.0643865387047,0.0645535286161,0.0640287031802,0.0634800220427,0.0630983308166,0.0629313409051,0.0622395255578,0.0617624115252,0.0620009685415,0.0617862672268,0.0621441027513,0.0617862672268,0.0624065154692,0.0628836295019,0.0630744751149,0.0633845992361,0.0640764145835,0.0647205185275,0.0645535286161,0.0645535286161,0.0638617132688,0.0639809917769,0.0633845992361,0.0639571360753,0.0642195487933,0.0639332803737,0.0632176093247,0.062812062397,0.0620725356464,0.0620009685415,0.0615477102105,0.0608797505648,0.0620486799448,0.0613091531942,0.0609990290729,0.060283358024,0.0609751733713,0.0613091531942,0.0622872369611,0.0621679584529,0.0620486799448,0.0623349483643,0.0618816900333,0.0622633812594,0.0627643509937,0.0636470119541,0.0638140018655,0.0640048474786,0.0640287031802,0.0642434044949,0.0640764145835,0.0647443742292,0.0642672601965,0.0646966628259,0.063909424672,0.063909424672,0.063909424672,0.0633368878329,0.0632176093247,0.0632176093247,0.063456166341,0.0635515891476,0.0631460422198,0.0627166395904,0.0638378575671,0.0646966628259,0.0646489514226,0.0642911158982,0.06417183739,0.0638378575671,0.0646728071243,0.0645296729145,0.0651976325602,0.06534076677,0.0645058172128,0.0639571360753,0.0630983308166,0.0630983308166,0.0636708676557,0.0645058172128,0.0643388273014,0.0643865387047,0.063718579059,0.0634084549378,0.0631698979215,0.0632891764296,0.0635754448492,0.0640764145835,0.0635038777443,0.0636708676557,0.0637901461639,0.063909424672,0.0639809917769,0.0638378575671,0.063909424672,0.0635277334459,0.0641956930916,0.0638617132688,0.0637424347606,0.0631460422198,0.0627643509937,0.0627882066953,0.0638855689704,0.0647205185275,0.0651260654553,0.0656747465928,0.0655793237863,0.0664142733434,0.065794025101,0.0664858404483,0.0674639242152,0.0674400685136,0.0667721088679,0.0667243974646,0.0672730786022,0.0667243974646,0.0663427062385,0.0663188505369,0.0666528303597,0.0659610150124,0.0654839009798,0.0657701693993,0.065531612383,0.0650306426487,0.0646489514226,0.0655077566814,0.0660325821173,0.0656031794879,0.0670345215858,0.0672492229005,0.0668675316744,0.0664142733434,0.0663904176418,0.0668436759728,0.0668198202711,0.0658417365042,0.0655554680846,0.0654123338749,0.0645296729145,0.0647920856324,0.0652930553667,0.0661280049238,0.0662949948352,0.066438129045,0.0667243974646,0.0673207900054,0.0680364610544,0.0685374307886,0.0682034509658,0.0680841724576,0.0680364610544,0.0688236992082,0.0697779272735,0.068775987805,0.0689191220148,0.0689906891197,0.0691338233294,0.0689906891197,0.0696586487653,0.0690145448213,0.0691338233294,0.0676786255299,0.0665812632548,0.066700541763,0.0663904176418,0.0663665619401,0.0660802935206,0.065984870714,0.0652930553667,0.066438129045,0.0661280049238,0.066438129045,0.0668675316744,0.0679887496511,0.0676786255299,0.0681318838609,0.0681080281593,0.0676547698283,0.068513575087,0.068966833418,0.0696347930637,0.0696347930637,0.0703027527094,0.0700164842898,0.0711854136698,0.0709468566535,0.0701119070964,0.0720442189285,0.0726167557677,0.0724974772596,0.0719249404204,0.0712569807747,0.0714478263877,0.0714001149845,0.0708514338469,0.07221120884,0.0733324268167,0.072664467171,0.0732608597118,0.073761829446,0.0734755610265,0.074286654882,0.0743343662852,0.0751454601407,0.0752408829472,0.0743105105836,0.0748591917211,0.0746683461081,0.0742150877771,0.0747160575113,0.0758611311897,0.075837275488,0.0756225741733,0.0757895640848,0.0760042653995,0.076099688206,0.0754555842619,0.0753363057538,0.0751693158423,0.074024242164,0.0744297890917,0.0746922018097,0.0759804096978,0.0756702855766,0.0763621009239,0.0770539162713,0.0776741645137,0.078628392579,0.0784852583692,0.0793917750312,0.0791293623132,0.0799166004671,0.0790577952083,0.0790577952083,0.0789862281034,0.0783898355626,0.079534909241,0.0794871978377,0.080179013185,0.0798211776606,0.0809423956373,0.0805129930079,0.0807754057258,0.0813240868634,0.081801200896,0.0828269960662,0.082516871945,0.0833518215021,0.0839243583413,0.0846877407935,0.0844491837772,0.0851409991245,0.0849024421082,0.0850217206163,0.085236421931,0.0846400293902,0.0836380899217,0.0832802543972,0.0829462745744,0.0827315732597,0.0827554289613,0.0823498820336,0.0823021706303,0.0814195096699,0.0812525197585,0.0813956539683,0.0815387881781,0.0824691605417,0.0852125662294,0.0881945289334,0.0896497267329,0.0930372363647,0.0966871587144,0.101482154742,0.105585335423,0.109712371805,0.114197243712,0.116606669577,0.117489330537,0.118395847199,0.122117336654,0.123333977437,0.123858802873,0.124335916906,0.124526762519,0.124574473922,0.125170866463,0.124932309447,0.125814970407,0.126268228738,0.124646041027,0.12512315506,0.125385567778,0.126339795843,0.126268228738,0.127079322593,0.127222456803,0.127651859433,0.127699570836,0.126816909876,0.127270168207,0.128105117764,0.128415241885,0.128152829167,0.128462953288,0.129775016878,0.129775016878,0.130753100645,0.132065164235,0.133186382211,0.133973620365,0.133377227824,0.134259888785,0.135237972552,0.135929787899,0.135929787899,0.136192200617,0.136955583069,0.135595808076,0.135333395358,0.135667375181,0.136645458948,0.13623991202,0.135571952374,0.135261828253,0.134403022995,0.135166405447,0.136192200617,0.1374088414,0.139031029111,0.139579710249,0.140176102789,0.141082619451,0.141893713307,0.142299260235,0.143659035228,0.144589407591,0.143587468123,0.144160004962,0.143873736542,0.145042665922,0.143563612421,0.143897592244,0.144016870752,0.143492045316,0.142728662864,0.142680951461,0.142847941372,0.141631300589,0.142609384356,0.140891773838,0.141297320766,0.14077249533,0.139842122967,0.141225753661,0.141416599274,0.140700928225,0.14105876375,0.143754458034,0.144016870752,0.145090377326,0.146426296617,0.148788011079,0.149813806249,0.149646816337,0.149789950547,0.150338631685,0.15129285975,0.149599104934,0.149956940459,0.150481765894,0.150839601419,0.149599104934,0.150314775983,0.15041019879,0.15114972554,0.15143599396,0.152270943517,0.153416017195,0.154537235172,0.154823503591,0.155133627713,0.15611171148,0.15713750665,0.156612681214,0.15699437244,0.155897010165,0.154584946575,0.154990493503,0.15377385272,0.153225171582,0.153535295703,0.153511440002,0.153249027284,0.155276761922,0.155873154463,0.15699437244,0.158711982957,0.160047902249,0.160000190846,0.161550811452,0.160739717596,0.1593322312,0.158950539974,0.158354147433,0.158139446118,0.158401858836,0.157232929456,0.156731959722,0.15713750665,0.15816330182,0.158735838659,0.160692006193,0.161789368468,0.162123348291,0.162338049606,0.162719740832,0.163006009251,0.16240961671,0.16152695575,0.160262603564,0.160405737773,0.159523076813,0.158878972869,0.160453449177,0.161312254435,0.161025986016,0.163363844776,0.163650113195,0.164795186874,0.164031804421,0.164437351349,0.165129166696,0.16605953906,0.165009888188,0.163912525913,0.164127227228,0.162218771097,0.16255275092,0.161956358379,0.161312254435,0.16124068733,0.161503100048,0.160954418911,0.160000190846,0.160429593475,0.160811284701,0.159833200934,0.158735838659,0.159403798305,0.160596583386,0.159141385587,0.158807405764,0.159022107079,0.160191036459,0.159785489531,0.158664271554,0.159928623741,0.160811284701,0.160071757951,0.159713922426,0.161097553121,0.162004069783,0.161407677242,0.161359965839,0.162099492589,0.163029864953,0.163029864953,0.161789368468,0.162719740832,0.162648173727,0.162481183815,0.161479244347,0.16124068733,0.16035802637,0.159833200934,0.16021489216,0.159236808393,0.160381882072,0.159403798305,