# R script for Peak Model
#  -- generated by MACS
p <- c(0.0408858204048,0.047671419916,0.0542159067542,0.0612081742707,0.0670121007562,0.0668398774183,0.0668915444197,0.0670809900913,0.0667365434156,0.0664954307426,0.0662543180696,0.0663920967399,0.0671326570927,0.0666159870791,0.06766654944,0.0676493271062,0.0679248844468,0.0670809900913,0.0673909920994,0.0680282184495,0.0679937737819,0.0671498794264,0.0670982124251,0.0669776560886,0.0673221027643,0.067907662113,0.0670982124251,0.0671326570927,0.0673909920994,0.0675632154373,0.0670465454237,0.0673737697656,0.0660993170656,0.0660820947318,0.0653932013804,0.0646870856952,0.0652554227101,0.0652554227101,0.0649970877034,0.0643943060209,0.0651348663736,0.0651176440398,0.0654448683818,0.0656170917196,0.0660476500642,0.0660476500642,0.0656170917196,0.0655482023845,0.0659270937277,0.0653415343791,0.0647904196979,0.0647904196979,0.0650487547047,0.0644115283547,0.0642909720182,0.0645148623574,0.0651693110412,0.0659098713939,0.0658065373912,0.0664265414075,0.066547097744,0.0660820947318,0.0663232074048,0.0669087667535,0.066702098748,0.066788210417,0.0664954307426,0.066064872398,0.0652209780426,0.065427646048,0.0653070897115,0.0663576520723,0.0660476500642,0.0664609860751,0.0663232074048,0.0664437637413,0.0659615383953,0.0664265414075,0.0670637677575,0.067184324094,0.067425436767,0.066943211421,0.067184324094,0.066547097744,0.066943211421,0.066788210417,0.0667365434156,0.0659615383953,0.0660304277304,0.0658065373912,0.0655309800507,0.0653587567128,0.0648248643655,0.0653070897115,0.0647559750304,0.0648420866993,0.0651520887074,0.0649281983682,0.0643426390195,0.064463195356,0.0645148623574,0.064308194352,0.0648593090331,0.0650315323709,0.0655482023845,0.0652209780426,0.0646870856952,0.0646526410277,0.0646181963601,0.0641704156817,0.0641876380155,0.0643254166858,0.0641015263466,0.0632059649898,0.0631715203222,0.0633092989925,0.0633265213262,0.0632920766587,0.0632231873235,0.0637054126695,0.0641704156817,0.0641531933479,0.0642393050168,0.0649281983682,0.0647559750304,0.0647387526966,0.0645320846912,0.0649798653696,0.0653587567128,0.0649970877034,0.0646870856952,0.0647559750304,0.0644287506885,0.0646698633614,0.0645837516925,0.0644976400236,0.0650659770385,0.0650487547047,0.0653587567128,0.0654793130493,0.0657376480561,0.0658409820588,0.0656515363872,0.0650487547047,0.0645320846912,0.064463195356,0.0643598613533,0.0642048603493,0.0641704156817,0.0641704156817,0.0638087466722,0.0643598613533,0.0652037557088,0.0655309800507,0.0653587567128,0.0654965353831,0.065668758721,0.0659098713939,0.0652554227101,0.0656859810547,0.0657204257223,0.0654793130493,0.0649798653696,0.0644459730222,0.0650315323709,0.0650143100371,0.064463195356,0.0643254166858,0.0649798653696,0.0645665293587,0.064463195356,0.0643254166858,0.0651693110412,0.0654620907155,0.0653070897115,0.0652554227101,0.0660476500642,0.0662543180696,0.0662887627372,0.0662026510683,0.0663920967399,0.0664954307426,0.0661682064007,0.0666504317467,0.066702098748,0.0671326570927,0.0673048804305,0.067184324094,0.0673909920994,0.0675287707697,0.0677009941076,0.068148774786,0.0683382204576,0.0681659971197,0.0680109961157,0.0684071097927,0.0681832194535,0.0686137777981,0.0680971077846,0.0681659971197,0.0684587767941,0.0677009941076,0.0669087667535,0.0670809900913,0.0677698834427,0.0676493271062,0.0680798854508,0.0681315524522,0.0685793331306,0.0682176641211,0.0678559951116,0.06830377579,0.0690098914752,0.0691132254779,0.0693198934833,0.0678732174454,0.0671154347589,0.0665815424115,0.066702098748,0.0671326570927,0.0677182164413,0.0676837717738,0.0678732174454,0.0675976601048,0.0677354387751,0.0691132254779,0.0694404498198,0.0694748944874,0.0692510041482,0.0691476701455,0.069268226482,0.0689754468076,0.0695265614887,0.0692854488157,0.0690787808103,0.0690615584765,0.069268226482,0.0702843441753,0.0706632355185,0.0709043481915,0.0713004618685,0.0720582445551,0.071421018205,0.0719204658848,0.0715415745415,0.071903243551,0.0720754668889,0.0717999095483,0.071421018205,0.0715760192091,0.0709732375266,0.0708182365226,0.0708699035239,0.0711626831983,0.0721099115564,0.0723510242294,0.0723682465632,0.0722132455591,0.0722132455591,0.0729193612443,0.0733671419227,0.073987145939,0.0743315926146,0.0744004819498,0.0748310402944,0.0746932616241,0.0756749346499,0.0759504919904,0.0770527213526,0.0762088269972,0.076139937662,0.0760021589918,0.0758299356539,0.0761571599958,0.0756577123161,0.0757954909863,0.0747621509593,0.075106597635,0.0744865936187,0.0752960433066,0.0758988249891,0.0760021589918,0.0765704960067,0.0766910523432,0.0773799456945,0.0773110563594,0.0778793933743,0.0776899477027,0.0776727253689,0.0778449487067,0.0773971680283,0.0775177243648,0.0763982726688,0.075984936658,0.0759160473228,0.0761743823296,0.077104388354,0.0771732776891,0.0778966157081,0.0786027313932,0.0808071901177,0.0820299758164,0.0839416548665,0.0859911125869,0.0870933419491,0.0890566880005,0.0918467060737,0.0953256174982,0.0987528619213,0.101956216005,0.103092890035,0.104487899072,0.107691253156,0.10989571188,0.111790168596,0.113874070984,0.113942960319,0.114063516656,0.113254066968,0.112599618284,0.11408073899,0.115148523684,0.114614631337,0.114046294322,0.114511297334,0.114132405991,0.113805181649,0.114735187673,0.115389636357,0.116336864715,0.116285197714,0.116302420048,0.116560755055,0.116956868732,0.117232426072,0.117800763087,0.118300210767,0.117525205747,0.117835207755,0.117800763087,0.116801867728,0.116664089057,0.11804187576,0.119230216791,0.119746886805,0.119281883793,0.119023548786,0.119419662463,0.120280779152,0.120608003494,0.12158967652,0.122915796221,0.121641343521,0.12145189785,0.121262452178,0.121693010523,0.123122464227,0.123811357578,0.124689696601,0.124672474267,0.124861919939,0.124948031608,0.125671369627,0.125929704634,0.126394707646,0.127066378663,0.127204157334,0.126653042652,0.126756376655,0.127979162354,0.128891946044,0.128874723711,0.12909861405,0.129046947049,0.13037306675,0.131251405773,0.131061960101,0.132129744796,0.13200918846,0.131165294104,0.13037306675,0.131303072774,0.131371962109,0.131923076791,0.131096404769,0.130390289084,0.130751958093,0.130614179423,0.130734735759,0.131888632123,0.132491413805,0.13278419348,0.133903645176,0.134006979179,0.134506426858,0.135126430875,0.135505322218,0.136228660237,0.135625878554,0.135109208541,0.135643100888,0.135488099884,0.135298654212,0.135763657225,0.135574211553,0.136641996248,0.136366438907,0.136951998256,0.138088672286,0.13951812599,0.139035900644,0.139432014321,0.138553675298,0.138312562625,0.139466458988,0.138708676302,0.139638682326,0.139242568649,0.140534243683,0.140138130006,0.141205914701,0.14170536238,0.143307039422,0.144581492122,0.144340379449,0.14475371546,0.145063717468,0.146441504171,0.145769833153,0.145029272801,0.145046495135,0.144736493126,0.145218718472,0.146114279829,0.146820395514,0.147405954863,0.14702706352,0.146682616844,0.146940951851,0.14830151622,0.148904297902,0.149489857251,0.149110965908,0.149024854239,0.149334856247,0.150574864279,0.15162542664,0.151814872312,0.152004317984,0.152796545338,0.153364882353,0.153674884361,0.15467377972,0.154777113723,0.15439822238,0.154432667047,0.15453600105,0.155018226396,0.155483229408,0.155569341077,0.1564476801,0.156981572447,0.157050461782,0.157825466803,0.158445470819,0.158445470819,0.159048252501,0.159151586504,0.159323809842,0.158238802814,0.158049357142,0.158049357142,0.15835935915,0.157894356138,0.157842689137,0.157377686124,0.15849713782,0.158600471823,0.159444366179,0.160512150873,0.160305482868,0.160891042216,0.160288260534,0.160202148865,0.160426039204,0.160891042216,0.159961036192,0.159599367183,0.159564922515,0.158479915487,0.158910473831,0.158428248485,0.160150481864,0.16090826455,0.160494928539,0.160753263546,0.161252711226,0.161872715242,0.160994376219,0.162320495921,0.161717714238,0.161855492908,0.161132154889,0.161097710222,0.161287155893,0.159909369191,0.159168808838,0.15913436417,0.159806035188,0.160064370195,0.160202148865,0.159685478851,0.159513255514,