# R script for Peak Model
#  -- generated by MACS
p <- c(0.032645966552354404,0.03807149082604771,0.04354200482662103,0.04904661630440867,0.0545618832438258,0.054702061761262466,0.05474018463509237,0.05484318743084398,0.05493316688460401,0.05497389442683223,0.05508542159188742,0.055132068835020906,0.05521257676733251,0.05527248414049379,0.0552994779766218,0.05537927554482476,0.055431368912791094,0.05547825294396079,0.05551495508957344,0.05556136554467071,0.05560422417922483,0.05572830111019918,0.05580454685785899,0.05589381594751038,0.05596224768997524,0.0560171825143761,0.056130130407648554,0.05623289641536395,0.05629990742961155,0.05639249155176989,0.05647205233193665,0.056583342708955625,0.05668089937987439,0.056789585088495055,0.056903006557839926,0.057029451369176386,0.05711493185024841,0.05723924556925897,0.057378950510623215,0.05745922165489861,0.057534993826486,0.057629709040970235,0.05770406048434036,0.057789777753448596,0.05784684367017535,0.05788899194062083,0.058057111446330356,0.05811109911858637,0.0581250696127228,0.058229966712764085,0.0583509653992677,0.058469359417372996,0.058574493305450503,0.05868033755763664,0.05881057097755246,0.05890504940400049,0.058932990392273336,0.059011130444222834,0.05919108935174288,0.05926473043100438,0.05931800773915176,0.05931777095111555,0.059423378415265474,0.05952164545029287,0.05962677933837037,0.059777850105472735,0.05994881106761678,0.06006152217285302,0.06011740414939872,0.060245980053061074,0.06038189638584596,0.06056966929856095,0.06067006742591424,0.06072216079388058,0.06080243193815597,0.06086210252328104,0.060917274135718104,0.0610134100784196,0.061156666840327015,0.06129613499365505,0.06144791612486604,0.061520373263946486,0.06161745635879282,0.061762607424989915,0.06189544551330406,0.06206024998650663,0.062187405161951724,0.062308167060419126,0.06235055211890082,0.06245426527876106,0.06251748768442929,0.06272538758022218,0.06289729569451108,0.06299485236542984,0.06315350034969094,0.06330978045358993,0.06346014085658366,0.06362968109051044,0.06374428650003637,0.06386362767028651,0.06399954400307138,0.06410302037489542,0.06416600599252743,0.06428771504313968,0.06437437946439276,0.06440089972444835,0.06458156899607702,0.06461756077758103,0.06484321977608973,0.06497416356011419,0.06510108194752307,0.0652583092035669,0.06532697773406797,0.06542003543229873,0.06550622627747939,0.0656764768755148,0.06572975418366218,0.06585383111463654,0.0659826438063351,0.06606670355918987,0.06619788413125052,0.06627436666694655,0.06647279504129103,0.06670579446892225,0.06682039987844818,0.0669302695272499,0.06710501909797331,0.06726248314205335,0.06738821758928118,0.06746990946177384,0.06760369470223282,0.06769651561242737,0.06779999198425139,0.06782106611947414,0.06800102502699419,0.06808105938323337,0.06813409990334454,0.068242548823929,0.06835573350523766,0.06849449129445706,0.06863348587171268,0.06873151611870387,0.06884967334877296,0.06896214766597299,0.0690540214240227,0.06922000983740632,0.06938244643024678,0.06949255286708471,0.06962586453147128,0.06981482138436733,0.06985696965481282,0.06998294089007685,0.07005658196933835,0.0702500377949224,0.07036535356855696,0.07044870295730309,0.07049203516792962,0.07061279706639703,0.07066441685829093,0.07077357614298402,0.07098123925074071,0.07107832234558706,0.0712606491334692,0.07135773222831555,0.07152537815795265,0.0716987070004588,0.07190731726036034,0.07202050194166901,0.07216896804037304,0.07227291798826949,0.07233637718197393,0.07249597231837987,0.07257576988658285,0.07264491199315633,0.07274507333247342,0.07283055381354543,0.0729034845286983,0.07305289777954718,0.07316821355318175,0.07330389309793041,0.0734154202629856,0.07351226656979573,0.07367399279852757,0.07376776086086696,0.07390438755776048,0.07402514945622787,0.07414259632218834,0.07427661835068353,0.07430337539877532,0.07441490256383052,0.0744658119916158,0.07459036249866256,0.07459959723207478,0.07469975857139186,0.07478737014478977,0.07488918900036033,0.07493275799902308,0.07497609020964961,0.07511129617832586,0.0752147725501499,0.07535045209489856,0.07554319755637398,0.0757290761647993,0.07593531854433873,0.07598741191230506,0.07608615252340488,0.07624503729570219,0.07640984176890475,0.07654646846579827,0.07666959824462778,0.07678917620291413,0.07682493119638192,0.07692201429122826,0.07699754967477945,0.07715572408296813,0.07732597468100354,0.0773854084780924,0.07747230968738168,0.07761201462874594,0.07771122881591817,0.0779018431850677,0.07799537445937088,0.07818409452423072,0.0783287720143554,0.07845663755390912,0.07863162391266874,0.07882650046647006,0.07898230699429663,0.07911183005010383,0.07921720072621755,0.07930291799532578,0.07938697774818054,0.0794757732617595,0.07961263674668922,0.07974665877518443,0.07981177548514234,0.07998486753961229,0.08019395137558624,0.08036609627791133,0.0805372940280916,0.08066965854033331,0.08091757561424581,0.08108806300031743,0.08121048241503831,0.08137907549682025,0.08155358827950746,0.08166369471634538,0.08180008462520269,0.08191824185527177,0.08210293652351604,0.08238234640624453,0.08255827991714901,0.08275149895469684,0.08292601173738405,0.08315167073589275,0.08328948137296731,0.08352177043648991,0.08361032916203266,0.0838703224257919,0.08403110150237889,0.0840959814243006,0.08423237133315789,0.08433442697676466,0.08452504134591418,0.08465787943422833,0.08484849380337785,0.08498938268492316,0.08519870330893332,0.08533106782117504,0.08549492514223277,0.08574284221614527,0.08596423903000217,0.0862197333210734,0.08642123993988861,0.08661516934154509,0.08681146662356366,0.08703475774171025,0.08729427742939706,0.08737928433439666,0.08766082530945106,0.08782349869032774,0.0880484473247278,0.08827363274716407,0.08847371863776203,0.08870079836448798,0.0889539247751971,0.08912701682966705,0.08932591878008395,0.08962119346123856,0.08978102538568071,0.0900313103399553,0.09021576822016336,0.09040969762181983,0.09060930993634536,0.09083852075539721,0.09101990039113453,0.09126592316075734,0.0914842417301435,0.09173665777674399,0.09195071416147838,0.09217353170355254,0.09237314401807807,0.09258909470710212,0.09288034399164115,0.0930737998172252,0.09331816507059454,0.0935677396607605,0.09381897176717995,0.09405244477088359,0.09436382103850052,0.09452152187061677,0.09472729067408378,0.0949579222213529,0.09522383518601739,0.09554681406740864,0.0957111449645388,0.09589607642081927,0.09612741833219701,0.0963732043137836,0.09655766219399166,0.09681860260989573,0.09706438859148232,0.0972985719592946,0.0974304628954639,0.09757537717362479,0.09782447818771833,0.09807713102235503,0.09821659917568307,0.09839726844731175,0.09853957805707432,0.098742742192143,0.09892128037144579,0.09904346299813045,0.0992523100460682,0.09931979463638822,0.09945263272470237,0.0995899697857045,0.09973677836815507,0.09992881346552186,0.10004412923915643,0.10017720411550678,0.1004035734781241,0.10057666553259405,0.10065669988883323,0.10079877271055958,0.10097896840611584,0.10105284627341354,0.10125766792473571,0.10132420536291088,0.10148190619502714,0.10159745875669791,0.10164008060321582,0.10182714315182219,0.10194861541439822,0.10212525928941132,0.10232510839197306,0.10253300828776596,0.10261327943204135,0.10277832069328013,0.10294075728612061,0.10315860227943435,0.10326847192823606,0.10336437108290135,0.10352467658341592,0.10378490663521137,0.10379556209684083,0.10395705153753647,0.10399919980798195,0.10409533575068346,0.10424261790920644,0.1043044195866574,0.10444128307158712,0.10454333871519389,0.1046773607436891,0.10473845205703142,0.10494753589300537,0.10500318108151487,0.10525749143240504,0.10537920048301729,0.10549167480021732,0.1055963351122224,0.10581583762178962,0.1059654876606747,0.10602586860990841,0.10608790707539559,0.10619162023525583,0.10633037802447523,0.10648334309586728,0.10661168221149342,0.10673504877835914,0.10692447920732762,0.10700048816695121,0.10715392681441567,0.10736514174271553,0.10757043697011011,0.10775631557853542,0.10783563957066597,0.10799097252242013,