# R script for Peak Model
#  -- generated by MACS
p <- c(0.038855687088,0.0455455505137,0.0520969074502,0.0584866734827,0.0652596408019,0.0656197576737,0.0655274200142,0.0654304654718,0.065398147291,0.0652134719722,0.0654904849505,0.0653473615783,0.0653242771635,0.0654720174186,0.0653058096316,0.0651534524935,0.0651165174298,0.0646178940689,0.0647933356218,0.064761017441,0.064913374579,0.0648949070471,0.0650472641852,0.0650564979511,0.0652042382062,0.0654258485889,0.0654812511845,0.0657951992266,0.0654119979399,0.0653658291102,0.0653011927486,0.0651950044403,0.0650564979511,0.0646779135475,0.0640777187612,0.0636945174746,0.063943829155,0.0639807642188,0.0639299785061,0.0641700564206,0.0641608226547,0.0641562057717,0.0640777187612,0.0642208421333,0.0644516862819,0.064599426537,0.0643778161543,0.0646455953667,0.064761017441,0.0647702512069,0.0648533551004,0.0647102317283,0.0649780109406,0.0653612122273,0.0652688745678,0.065559738195,0.0653796797591,0.0651396018446,0.0651257511957,0.0653381278124,0.0653519784613,0.0656151407907,0.0651211343127,0.0650888161319,0.0653519784613,0.0656751602693,0.0658459849393,0.0657582641628,0.0661368485665,0.065725945982,0.065407381057,0.065735179748,0.0661553160984,0.066053744673,0.0663261407683,0.0660260433752,0.0658644524712,0.0661276148005,0.0660952966197,0.066044510907,0.0664923485553,0.066206101811,0.0661460823324,0.0663030563534,0.0661553160984,0.0656751602693,0.0659891083114,0.0657397966309,0.0654535498867,0.0657397966309,0.0655874394929,0.0654812511845,0.0651396018446,0.0651349849617,0.0650980498979,0.0655551213121,0.065564355078,0.065730562865,0.0654396992378,0.0655828226099,0.065564355078,0.065882920003,0.066210718694,0.0664369459596,0.0661229979176,0.0664969654382,0.0663261407683,0.0665800693317,0.0670833095756,0.0668386147781,0.066700108289,0.0667231927038,0.0668201472462,0.0668339978952,0.0672449004796,0.0673141537242,0.0676142511173,0.0674018745007,0.0674434264474,0.0676788874789,0.0682606147334,0.0681821277228,0.0684360562863,0.0684268225203,0.0685930303073,0.0682975497971,0.0680620887656,0.0679420498083,0.0679605173402,0.0680990238293,0.0679789848721,0.0680436212337,0.0677850757873,0.0676419524152,0.0677342900746,0.0674895952771,0.0678727965637,0.0681913614888,0.0683714199247,0.0682975497971,0.0681636601909,0.068311400446,0.0685237770627,0.068316017329,0.0683991212225,0.0687315367964,0.0686669004348,0.0689208289983,0.0692163095084,0.0694656211889,0.0696733809226,0.0694933224867,0.0697564848161,0.0703105107727,0.0702781925919,0.0701304523368,0.0703058938897,0.070093517273,0.0696364458589,0.0695117900186,0.0693594328806,0.0696687640397,0.0697888029969,0.0696826146886,0.0697334004013,0.0701166016879,0.0702504912941,0.0706383094637,0.0708553029633,0.0709291730909,0.0712015691862,0.0713308419094,0.0709938094525,0.0709522575057,0.0712200367181,0.0711276990586,0.07123850425,0.0714139458029,0.0716586406004,0.0719264198127,0.0718987185149,0.0720095237062,0.0724204262907,0.0726789717371,0.0726328029073,0.072845179524,0.073011387311,0.0729559847153,0.0729883028961,0.0730344717259,0.0733022509382,0.0736854522248,0.073657750927,0.073823958714,0.0739301470223,0.0742117768836,0.0741702249368,0.0747104002445,0.0747288677764,0.0751074521801,0.0755275885305,0.0759015560512,0.076243205391,0.0764601988907,0.0767787638157,0.076898802773,0.0772035170491,0.0773097053575,0.0776929066441,0.0775036144423,0.0773281728893,0.0770373092621,0.0771942832832,0.0773512573042,0.0773974261339,0.0776375040484,0.0776051858676,0.0776421209314,0.0777898611865,0.078029939101,0.0782330819518,0.0782746338985,0.0783715884409,0.0781130429945,0.0781545949412,0.0780391728669,0.0781684455901,0.0783854390898,0.078034555984,0.0782792507815,0.0783208027282,0.0785054780471,0.0788286598551,0.0791241403652,0.0795442767157,0.0796596987899,0.0796689325559,0.0793919195776,0.0801767896827,0.0802414260443,0.0804214844802,0.0808416208306,0.0807400494053,0.080947809139,0.0811740364046,0.0815110688615,0.0819958415735,0.0823790428601,0.0820420104032,0.0823421077964,0.0828084129765,0.0823374909134,0.0821759000094,0.0826052701257,0.0826606727214,0.0829746207635,0.0830854259548,0.0832470168588,0.0834593934755,0.0835748155498,0.0836302181454,0.084188860985,0.0846043804524,0.0846459323991,0.0849552635582,0.0850660687495,0.084835224601,0.0850983869303,0.0854400362702,0.0851399388771,0.0851999583557,0.0851814908238,0.0856616466529,0.0856200947061,0.0853476986108,0.0852553609514,0.0858417050888,0.0860679323544,0.0865988738961,0.0876653738625,0.0882101660531,0.0885795166908,0.0886533868184,0.0891520101793,0.089844542625,0.0904355036454,0.090329315337,0.0902369776776,0.0901077049544,0.0899230296355,0.0895028932851,0.0896737179551,0.0899968997631,0.0901307893693,0.0898630101569,0.090015367295,0.0903108478051,0.0908325555809,0.0912203737505,0.0916820620477,0.0928316659076,0.0938843152251,0.0945768476708,0.0959249774985,0.0972454060283,0.0985104319625,0.0999786007474,0.100721918906,0.102402464307,0.103335074668,0.104143029188,0.104438509698,0.105329568111,0.105920529132,0.106562275865,0.10692700962,0.107610308299,0.108385944638,0.10806276283,0.108630639436,0.10925853552,0.110071106923,0.10964635369,0.10984949654,0.110015704327,0.110288100423,0.11011265887,0.11045430821,0.111354600389,0.111202243251,0.110805191316,0.110943697805,0.111714717261,0.11189939258,0.112398015941,0.112130236728,0.112398015941,0.112430334122,0.112485736717,0.112610392557,0.113067463972,0.113538386035,0.114018541864,0.114115496406,0.113727678236,0.114544866522,0.114881898979,0.115126593777,0.115403606755,0.115874528818,0.115925314531,0.115740639212,0.116045353488,0.116599379445,0.117245743061,0.117693580709,0.118012145634,0.118303009261,0.118275307963,0.118095249528,0.118575405357,0.119351041696,0.119632671557,0.119212535207,0.1192956391,0.119277171568,0.119711158568,0.120085126088,0.120251333875,0.120925398789,0.121008502683,0.121276281895,0.121031587097,0.121996515638,0.122061152,0.122398184457,0.122338164978,0.123183054562,0.123533937668,0.123926372721,0.124581970102,0.124494249326,0.125265268782,0.125209866187,0.125523814229,0.125551515526,0.125736190845,0.124946703857,0.125048275283,0.125556132409,0.125357606442,0.125662320718,0.12541762592,0.125468411633,0.125953184345,0.126359470046,0.126742671333,0.127028918077,0.127527541438,0.127430586896,0.1278091713,0.127919976491,0.128566340107,0.12920808684,0.129369677744,0.129471249169,0.129748262148,0.130366924466,0.130500814072,0.130893249124,0.131197963401,0.13111947639,0.131262599762,0.131590398453,0.132038236101,0.13205208675,0.132005917921,0.132185976356,0.13251839193,0.132809255558,0.132629197122,0.133100119185,0.132638430888,0.13234756726,0.132647664654,0.133215541259,0.133321729567,0.133561807482,0.134078898375,0.133769567216,0.134254339928,0.134162002268,0.134905320427,0.135353158075,0.135242352884,0.135519365862,0.136078008701,0.136447359339,0.135916417797,0.136341171031,0.136678203488,0.136941365817,0.136909047636,0.136724372317,0.136752073615,0.136142645063,0.135611703521,0.135727125596,0.135999521691,0.13613802818,0.136451976222,0.136747456732,0.136387339861,0.13643350869,0.136470443754,0.13669667102,0.136844411275,0.13652584635,0.136304235967,0.136327320382,0.135588619106,0.135528599628,0.136451976222,0.136502761935,0.136327320382,0.136050307404,0.136396573626,0.136415041158,0.136050307404,0.135694807415,0.13550089833,0.135177716522,0.134346677587,0.134485184076,0.134512885374,0.134979190554,0.134711411342,0.1343974633,0.134471333427,0.13388498929,0.134277424343,0.134545203555,0.134586755502,0.133963476301,0.133829586694,0.133658762024,0.133686463322,0.133367898397,0.133788034748,0.134235872396,0.134051197077,0.133709547737,0.133977326949,0.134092749024,0.133908073705,0.133571041248,0.133534106184,0.134046580194,0.133234008791,0.133053950355,0.132846190621,0.132472223101,0.131691969879,0.131239515347,0.13094865172,0.130676255625,0.130209950445,0.129351210212,0.129526651765,0.129291190733,0.128806418021,0.128737164777,0.128677145298,