# R script for Peak Model
#  -- generated by MACS
p <- c(0.039892357312,0.0465323776579,0.0529358031095,0.0590135264988,0.0654661145259,0.0654814778307,0.0656443288619,0.06509739521,0.065011360703,0.0649499074837,0.064839291689,0.0647655478258,0.0648208557232,0.0654814778307,0.0657518719956,0.0656043842693,0.0652356649535,0.0654784051697,0.0655582943548,0.0653770073579,0.0654169519504,0.0657365086908,0.0659608129413,0.0658471244856,0.0657057820812,0.0657395813518,0.065899359722,0.0657150000641,0.0658594151294,0.0661543905821,0.0661420999382,0.0657119274031,0.0655675123377,0.0655490763719,0.0654138792895,0.0652510282583,0.065453823882,0.0656965640983,0.0657334360299,0.0659577402803,0.0660929373628,0.0659239410097,0.0657487993347,0.0656566195057,0.0657764532834,0.0659239410097,0.0658471244856,0.0655767303206,0.0654876231526,0.0653370627653,0.065453823882,0.0660069028558,0.0663571862058,0.0663018783084,0.0666890335901,0.0665814904563,0.0666152897269,0.0666521616585,0.0666306530317,0.0665446185247,0.0665323278808,0.0664493660348,0.0664524386957,0.0668549572822,0.0664739473225,0.066516964576,0.0664678020006,0.0666490889975,0.0665753451343,0.066609144405,0.0666429436756,0.066692106251,0.0665814904563,0.0666521616585,0.0668211580116,0.0669041198576,0.0667873587409,0.0665845631172,0.0668027220458,0.0669717183989,0.0667873587409,0.0665845631172,0.0666152897269,0.0659700309242,0.065899359722,0.0655552216939,0.0656596921667,0.065985394229,0.065813325215,0.0659208683487,0.066255788394,0.066255788394,0.0663940581374,0.0667412688265,0.0667136148778,0.0672021679713,0.0674541261704,0.0672144586151,0.0674510535094,0.0670731162107,0.0669747910598,0.066959427755,0.0668365213164,0.06713456943,0.0673926729511,0.0674356902046,0.0670854068546,0.0675862505919,0.0675217247116,0.0677275929963,0.0679365339419,0.0683175439016,0.0683544158332,0.0682714539872,0.0682038554459,0.068108602956,0.0683298345455,0.0678873713665,0.0681147482779,0.068194637463,0.0681854194801,0.0678904440275,0.0679180979762,0.0680625130415,0.0679641878906,0.0683359798674,0.0683206165626,0.0686586092688,0.068993529314,0.0690949271259,0.068907494807,0.0691256537355,0.0692485601741,0.069349957986,0.0695373903049,0.069432919832,0.0698047118088,0.0694175565272,0.0690088926188,0.0689443667386,0.0689689480263,0.0689628027043,0.0691655983281,0.0691287263965,0.0693407400031,0.0694237018491,0.0694206291882,0.0698200751137,0.06996756284,0.0700658879909,0.0702594656317,0.0701672858027,0.0705114238308,0.0704899152041,0.0703977353751,0.0703823720703,0.0703577907826,0.0703946627142,0.0708832158076,0.0709077970954,0.0710767934484,0.071384059545,0.0714485854252,0.0714362947814,0.0716943983025,0.0718910486042,0.0721983147008,0.0725701066776,0.0723150758174,0.0726069786091,0.0726039059482,0.0726469232017,0.072447200239,0.0725147987802,0.0722198233275,0.0722382592933,0.0720078097209,0.0717435608779,0.0717896507924,0.0717036162854,0.0717650695047,0.0718142320801,0.0718756852994,0.072090771567,0.0725086534583,0.0725977606263,0.0728804454351,0.0733689985285,0.0733905071553,0.0739343681461,0.0742385615817,0.0745919175927,0.0748100765212,0.0749637095695,0.0750313081107,0.0752586850222,0.0753447195292,0.0751787958371,0.0752955569538,0.0749821455353,0.0752125951077,0.0753477921902,0.0754123180704,0.0756550582867,0.0758394179446,0.0757257294889,0.0758701445543,0.0757472381156,0.0759315977736,0.0762572998359,0.0762695904797,0.0762849537846,0.0764478048157,0.0764662407815,0.0767704342171,0.0770807729746,0.0772743506154,0.0779503360277,0.0783436366313,0.0785648682208,0.0786877746594,0.0790073313998,0.0788260444028,0.0790657119581,0.0790595666362,0.0791517464652,0.0791486738042,0.0790657119581,0.0790626392972,0.0789735321292,0.0788721343173,0.0786478300669,0.0791609644481,0.0791578917871,0.079074929941,0.0794159953082,0.0796433722196,0.0798646038091,0.0800151641964,0.0805928244579,0.0807157308965,0.0810475782807,0.0810383602978,0.0814316609014,0.0814808234768,0.0813302630895,0.081379425665,0.0815330587132,0.0815699306448,0.0815392040352,0.0819632312484,0.0821537362282,0.0824763656296,0.0824763656296,0.0832107316003,0.0837883918617,0.084028059417,0.084028059417,0.084206273753,0.0844059967158,0.0845811383908,0.0845504117811,0.0844858859009,0.0847224807952,0.0845872837127,0.0845012492057,0.0848638231996,0.0852786324299,0.0856350611019,0.0856043344922,0.0858562926914,0.0861635587879,0.0866705478472,0.0868118902516,0.0868549075051,0.0869870319266,0.086864125488,0.0870822844165,0.0870669211117,0.0872942980231,0.0872758620573,0.0876200000854,0.0874725123591,0.0874018411569,0.087835086353,0.0881423524495,0.0883758746829,0.0885571616798,0.0888214105228,0.0893099636163,0.089429797394,0.0894359427159,0.0897862260659,0.0903731043103,0.0904960107489,0.0905451733243,0.0909968544862,0.0910460170617,0.0916605492547,0.0919524520464,0.0929295582334,0.0937929759646,0.0947639368297,0.0956857351192,0.09667513195,0.0981192826037,0.0989919183179,0.100276290601,0.101139708333,0.101708150611,0.102390281345,0.103004813538,0.10329671633,0.1035824738,0.104301476466,0.104387510973,0.104660977799,0.104614887884,0.104777738915,0.105426070379,0.105736409137,0.105831661627,0.106218816908,0.106658207426,0.106519937683,0.106698152019,0.107048435369,0.107321902195,0.107411009363,0.107699839493,0.107954870354,0.108455714091,0.108704599629,0.108673873019,0.108812142763,0.109147062808,0.109352931093,0.109417456973,0.109586453326,0.109540363412,0.109586453326,0.109601816631,0.109681705816,0.109973608608,0.110483670328,0.110588140801,0.110701829256,0.111245690247,0.111678935443,0.112035364115,0.112192069825,0.112333412229,0.112662186952,0.113206047943,0.113504096057,0.113983431167,0.114582600056,0.115157187656,0.115341547314,0.115658031393,0.115688758003,0.116063622641,0.11618960174,0.116112785216,0.115971442812,0.115842391051,0.115799373798,0.115581214869,0.116048259336,0.116140439165,0.116813351916,0.117139053979,0.117768949477,0.117910291881,0.118153032097,0.118546332701,0.118629294547,0.118939633304,0.118681529783,0.118939633304,0.119087121031,0.119249972062,0.118641585191,0.119437404381,0.120002773998,0.12051590838,0.121188821131,0.121339381518,0.121729609461,0.121711173495,0.122288833756,0.123038563032,0.123994160592,0.123278230587,0.12303241771,0.123106161573,0.123355047111,0.123840527544,0.124233828147,0.124774616477,0.124648637378,0.124550312227,0.124402824501,0.125152553776,0.125699487428,0.126114296658,0.125945300305,0.125988317559,0.126108151336,0.126295583655,0.126366254857,0.126446144042,0.127119056794,0.127367942332,0.127859568086,0.127410959586,0.127982474525,0.127988619847,0.128544771482,0.128575498091,0.129211538911,0.129233047538,0.129503441703,0.129574112905,0.129512659686,0.130173281793,0.130369932095,0.130892284459,0.130495911195,0.130824685918,0.130686416175,0.130846194545,0.130618817633,0.13073557875,0.130932229052,0.130935301713,0.130932229052,0.130833903901,0.13111658871,0.131005972915,0.131165751285,0.13153139794,0.131761847512,0.132265763911,0.132388670349,0.132717445073,0.132717445073,0.133199852844,0.133362703875,0.133608516753,0.133925000832,0.134075561219,0.13382360302,0.133654606667,0.133786731088,0.133513264263,0.13328281469,0.132926386018,0.132926386018,0.132950967306,0.132855714816,0.132745099021,0.13324901542,0.133381139841,0.133301250656,0.133405721129,0.133716059886,0.133915782849,0.134084779202,0.133875838256,0.133402648468,0.133159908252,0.133104600354,0.132892586748,0.132923313357,0.132757389665,0.132419396959,0.132090622236,0.13194620717,0.131878608629,0.131897044595,0.13200766039,0.131866317985,0.131555979228,0.131138097336,0.130929156391,0.130987536949,0.131036699525,0.130803177291,0.130741724072,0.130870775832,0.130781668664,0.130210153725,0.130050375355,0.129838361748,0.129979704153,0.129540313634,0.129503441703,0.129365171959,0.12933444535,0.128885836849,0.128458736975,0.12831739457,0.1281576162,0.128037782422,0.127358724349,0.127294198469,0.126796427393,0.126688884259,0.126221839792,0.125776303952,0.125868483781,