# R script for Peak Model
#  -- generated by MACS
p <- c(0.039489957504,0.0460200146251,0.0524736732946,0.0588469125415,0.0649547676936,0.0651236484812,0.0647295933101,0.0646692787431,0.064544628638,0.0643154332834,0.0641948041494,0.0639937555927,0.0642591396875,0.0645486496091,0.0650030193472,0.0646451529163,0.0645285447534,0.0648622853575,0.0650432290586,0.0651558162503,0.0651075645967,0.065175921106,0.0650311661452,0.0647014465122,0.0643998736772,0.0647416562235,0.0650070403184,0.0645245237823,0.0645325657246,0.06430337037,0.064214909005,0.0641264476401,0.0641103637555,0.0648703272998,0.0651357113946,0.0648381595307,0.0649145579823,0.065055291972,0.0649507467225,0.0650472500297,0.0655257455946,0.0659439265925,0.0657549409492,0.0651196275101,0.0650030193472,0.0650030193472,0.064934662838,0.0646893835988,0.0644963769844,0.0644923560132,0.064214909005,0.0641626363803,0.0640098394772,0.0640259233617,0.0641023218133,0.0642872864854,0.0644038946483,0.0643998736772,0.0646330900029,0.0648904321555,0.0647577401081,0.0645526705803,0.0647778449637,0.0647054674833,0.0647135094256,0.0644722511576,0.0643154332834,0.0646572158297,0.0645928802916,0.0645245237823,0.0644320414462,0.0642591396875,0.0642028460916,0.064243055803,0.0642350138607,0.064395852706,0.0643476010524,0.0639414829679,0.0637484763535,0.0637605392669,0.0638490006319,0.064154594438,0.0641706783226,0.0642792445432,0.0641867622071,0.064182741236,0.0641063427844,0.0643114123122,0.0645084398978,0.064544628638,0.0646170061184,0.0643677059081,0.0646732997143,0.0647175303967,0.0648864111843,0.0650110612895,0.0653206760668,0.0654212003451,0.0655579133637,0.0655659553059,0.0655096617101,0.0655418294791,0.0654413052008,0.0653809906338,0.0651638581926,0.0650311661452,0.0647336142813,0.065027145174,0.065115606539,0.0647094884545,0.0652643824709,0.0653970745183,0.0651678791637,0.0652322147018,0.0653327389802,0.0652563405286,0.0656061650173,0.0656785424977,0.0653970745183,0.0654533681142,0.0652885082977,0.0655177036523,0.0653448018936,0.0654935778255,0.0656262698729,0.0658353603719,0.0653769696627,0.0651357113946,0.0654212003451,0.0661329122358,0.0662093106873,0.0660524928131,0.0663781914749,0.0665872819739,0.0668848338378,0.0669129806357,0.0674598327099,0.0678096571985,0.0682921737346,0.0682841317923,0.0680066847841,0.068123292947,0.0681715446006,0.0680669993511,0.0678699717655,0.0679946218707,0.0678498669099,0.0676809861223,0.0673552874604,0.0670376307409,0.067190427644,0.0670858823945,0.0673512664893,0.0674196229986,0.0676246925264,0.0678860556501,0.0681474187738,0.0683203205325,0.0682117543119,0.0683444463593,0.0682037123696,0.0686379772521,0.0684892013201,0.0682077333408,0.068095146149,0.0678056362274,0.0676045876707,0.0676930490357,0.067942349246,0.0678619298233,0.0681514397449,0.0679865799284,0.0683203205325,0.0687304595882,0.0692732906912,0.0694823811902,0.0699608767551,0.0701377994849,0.0702262608499,0.0702745125035,0.0702182189076,0.0702463657056,0.0701579043406,0.0702745125035,0.0701257365715,0.0705238127138,0.0698603524767,0.0699166460726,0.0700533590911,0.0704836030024,0.0709419937117,0.071130979355,0.0714566780168,0.0716818524003,0.0719592994085,0.0717140201694,0.0721120963116,0.0721764318497,0.072124159225,0.071854754159,0.0717984605632,0.0717984605632,0.0717220621116,0.0715491603529,0.0714566780168,0.0718105234766,0.0724739837136,0.0725986338188,0.0730007309321,0.0734390167857,0.0736601701981,0.0734711845548,0.0735877927177,0.0735877927177,0.0736802750537,0.0735596459197,0.0734551006702,0.0734028280455,0.0736239814579,0.073748631563,0.0737566735053,0.0743919869444,0.0744764273382,0.0748946083361,0.0752243279691,0.0754092926412,0.0756344670247,0.0758877882061,0.0756666347938,0.0756585928515,0.0760405851092,0.0761290464741,0.0762939062906,0.0762376126948,0.0760526480226,0.0762054449257,0.0760687319071,0.0759762495711,0.0763140111463,0.0762054449257,0.0758636623793,0.0758877882061,0.0760526480226,0.076426598338,0.0764627870782,0.0767120872885,0.0770096391524,0.0774881347173,0.0775283444287,0.0779666302822,0.0784370839049,0.0784049161358,0.0784491468183,0.0783647064245,0.0787386567399,0.0787909293646,0.0787346357688,0.078831139076,0.079012082777,0.0791849845357,0.079221173276,0.0796554381584,0.0797599834079,0.0800213465316,0.0803671500491,0.0806606809418,0.0808335827006,0.0810466941706,0.0808737924119,0.0812557846696,0.081778510917,0.0819956433582,0.0826671455375,0.0830933684777,0.0829164457478,0.0828199424406,0.0832622492653,0.0836201156962,0.0842232613663,0.0846253584796,0.0845409180858,0.0847982602384,0.0849590990837,0.0848143441229,0.0850153926796,0.085449657562,0.0855743076672,0.0855059511579,0.0855944125228,0.0857431884548,0.0861613694527,0.0864066486919,0.0867001795846,0.0867966828918,0.0869575217372,0.0874681850711,0.0878220305309,0.0881798969618,0.0888111894298,0.0892776220813,0.0896716772524,0.0902587390379,0.0906688780936,0.0919797146831,0.0933066351573,0.0943561086232,0.0955503370499,0.0964992862374,0.0971707884167,0.0978583744806,0.0985781283135,0.0991651900991,0.0999331955856,0.100492110573,0.100894207687,0.10133249354,0.101585814722,0.101613961519,0.102012037662,0.102088436113,0.102667455956,0.10306955307,0.103270601627,0.103230391915,0.103596300288,0.103302769396,0.103535985721,0.1040265442,0.104388431602,0.104786507744,0.105228814569,0.105614827797,0.105924442575,0.106435105909,0.106515525331,0.107311677616,0.107259404991,0.107910802315,0.107951012026,0.10824856389,0.108397339822,0.108755206253,0.108912024127,0.109450834259,0.110037896045,0.110226881688,0.110492265783,0.110793838618,0.111139642135,0.111585969931,0.111791039459,0.112072507438,0.112502751349,0.112277576966,0.112273555995,0.112378101244,0.11286061778,0.112945058174,0.113053624395,0.113548203844,0.113564287729,0.113387364999,0.113363239172,0.113717084632,0.113877923477,0.114074951063,0.113982468727,0.11420764311,0.114444880407,0.114585614397,0.115136487442,0.115530542613,0.116294527129,0.116282464215,0.116487533743,0.116338757811,0.117183161749,0.117500818469,0.118083859283,0.118240677157,0.118132110937,0.118502040281,0.118156236763,0.118634732328,0.119161479547,0.119841023668,0.119812876871,0.120239099811,0.120693469549,0.120810077712,0.121457454064,0.121879656033,0.122937171441,0.123158324854,0.122957276297,0.123431750891,0.123886120629,0.124018812676,0.12410325307,0.12449328727,0.124863216614,0.125100453911,0.124718461654,0.125144684594,0.125940836878,0.12626653554,0.126511814779,0.126604297115,0.126652548769,0.126789261787,0.126564087404,0.126620381,0.126901848979,0.127227547641,0.127247652497,0.127006394229,0.12747282688,0.12761356087,0.127738210975,0.127955343416,0.12867911822,0.129077194363,0.129487333418,0.12981303208,0.130359884154,0.130717750585,0.131039428276,0.13116005741,0.131819496676,0.131819496676,0.131771245022,0.131996419406,0.132149216309,0.132342222923,0.132655858672,0.133427885129,0.133367570562,0.133854108069,0.13403505177,0.134899560564,0.13555899983,0.135965117915,0.136214418125,0.136258648807,0.136367215028,0.136158124529,0.136206376183,0.136146061616,0.136359173086,0.136170187442,0.135908824319,0.136138019673,0.136487844162,0.136688892719,0.136684871748,0.137123157601,0.137678051618,0.138168610096,0.137846932405,0.138353574768,0.138602874978,0.138478224873,0.138313365057,0.138204798836,0.138811965477,0.138695357314,0.138381721566,0.138606895949,0.138832070333,0.138425952248,0.13892857364,0.139250251331,0.139764935636,0.140356018393,0.139507593483,0.139427174061,0.139588012906,0.139600075819,0.139760914665,0.139982068077,0.139736788838,0.139310565898,0.139491509599,0.139302523956,0.139994130991,0.140138885951,0.140396228104,0.140167032749,0.140364060335,0.140400249075,0.139845355059,0.140444479758,0.139945879337,0.139616159704,0.139270356186,0.139435216003,0.138896405871,0.138663189545,0.138200777865,0.138136442327,0.13839780545,0.13786301629,0.137573506368,0.137392562667,0.137328227129,0.137078926919,0.137187493139,0.137147283428,0.136753228257,0.136399382797,0.135864593636,0.13530969962,