# R script for Peak Model
#  -- generated by MACS
p <- c(0.0394790265048,0.0461496101496,0.0526528968949,0.0591288077839,0.0654495888207,0.065413087679,0.0652609995886,0.0651636632108,0.0651393291163,0.0650085333586,0.0649264057898,0.0648503617446,0.0648990299335,0.0650207004058,0.0652518743032,0.065476964677,0.065729430907,0.0656077604347,0.065872393712,0.0656929297654,0.065951479519,0.0657659320487,0.065540841675,0.0654739229152,0.0655012987715,0.0652762083977,0.0651636632108,0.0651028279746,0.0647682341758,0.0648108188411,0.0646070207999,0.0647104407014,0.0650207004058,0.0647864847466,0.0646617725125,0.0647195659868,0.0648807793626,0.0650724103565,0.0650845774038,0.0652092896379,0.064938572837,0.0652366654942,0.0652975007303,0.0655803845785,0.0658358925703,0.0659758136135,0.0657720155724,0.0656108021965,0.0655986351493,0.065540841675,0.0657628902869,0.0654800064388,0.0653644194901,0.0652975007303,0.0650480762621,0.0651271620691,0.0651819137816,0.0651423708781,0.0652032061143,0.0653674612519,0.0654374217735,0.065476964677,0.0654161294408,0.0655347581513,0.0656381780528,0.0655925516257,0.0658784772356,0.0664138273138,0.0664807460736,0.066316490936,0.0661613610838,0.0661279017039,0.0661491940365,0.0659727718517,0.0659879806607,0.0656898880035,0.0655621340076,0.0651423708781,0.0655377999132,0.0656016769111,0.0655499669604,0.0653400853956,0.0654374217735,0.0655499669604,0.065540841675,0.0656777209563,0.0653796282991,0.0653613777283,0.0648655705536,0.0648899046481,0.0646952318924,0.0648868628863,0.0648047353174,0.0647651924139,0.0646404801798,0.0647439000813,0.0648229858883,0.0646861066069,0.0646830648451,0.0645370602784,0.0645279349929,0.0644701415186,0.0644184315678,0.0642815522865,0.0643819304261,0.0646830648451,0.0649689904551,0.0650693685947,0.0653066260158,0.0653279183484,0.0656229692438,0.0654070041554,0.065635136291,0.0659758136135,0.0659940641843,0.0659606048045,0.065872393712,0.0662495721762,0.0661066093712,0.0661157346567,0.06593627071,0.0664351196465,0.066252613938,0.0662313216054,0.066331699745,0.0661066093712,0.065951479519,0.065699013289,0.0656716374327,0.0657172638598,0.066094442324,0.0659058530919,0.0658237255231,0.0655195493423,0.0655530087222,0.0654343800117,0.0654039623936,0.0656381780528,0.0658632684266,0.0660214400406,0.0658845607593,0.0659788553753,0.0662343633672,0.0663925349812,0.0660670664677,0.066267822747,0.0665081219299,0.0664685790264,0.0663834096957,0.0665932912605,0.0667970893016,0.0669400521066,0.0669826367719,0.0669065927267,0.0672959382381,0.0675331956591,0.0674966945174,0.0676487826078,0.0676700749405,0.0674510680903,0.0675909891335,0.0674966945174,0.0675240703737,0.0679529587886,0.0679894599303,0.0675818638481,0.0679925016921,0.0678982070761,0.0678738729816,0.067852580649,0.0677947871746,0.0680928798318,0.068105046879,0.0680563786901,0.0679985852157,0.068263218493,0.0682023832569,0.0682905943493,0.068327095491,0.0685795617211,0.0683331790146,0.0681385062589,0.0682419261604,0.0682267173513,0.0683818472035,0.0685187264849,0.0684487659633,0.0685461023412,0.0688594038074,0.0685795617211,0.0689658654707,0.0691149117992,0.0692913339841,0.0696654706865,0.0698084334915,0.0700669832451,0.0701977790029,0.0703954935204,0.0705414980872,0.071098140498,0.0712015603995,0.0714236090115,0.0715452794838,0.0712380615412,0.0714722772004,0.0711833098286,0.0712776044447,0.0713688572989,0.0713323561572,0.0715513630074,0.0714236090115,0.0713506067281,0.0712258944939,0.0715391959602,0.071621323529,0.0720897548474,0.0721627571308,0.0718099127611,0.0717399522395,0.0715909059109,0.0720654207529,0.0724243486463,0.0726129378783,0.0726220631638,0.072713316018,0.072807610634,0.0728410700139,0.0733581695213,0.0736623457021,0.0736623457021,0.0737170974146,0.0737383897473,0.0740638582607,0.0741186099733,0.0742159463511,0.0743771597269,0.0746478765278,0.0748699251398,0.074866883378,0.0749946373739,0.0748303822363,0.0747421711439,0.0745140390083,0.0749064262815,0.0750585143719,0.0750645978955,0.0754235257888,0.075390066409,0.0757155349224,0.0760896716248,0.0763512631403,0.0771238706395,0.0775223414363,0.0776957218594,0.07778089119,0.0779238539949,0.0782919071737,0.0784014105988,0.0785808745455,0.0788485495846,0.079079723482,0.0785626239746,0.0786021668781,0.0787207955886,0.0786447515434,0.0788637583936,0.0786903779705,0.0790249717694,0.0792318115723,0.0793808579009,0.0795785724184,0.0798279968867,0.0799679179299,0.0800409202132,0.0807222748582,0.0808348200451,0.0804850174372,0.0806371055276,0.0804424327719,0.0803694304885,0.0806066879095,0.0807283583818,0.0812697919836,0.0815861352117,0.0813549613143,0.0815344252609,0.0821762370024,0.0822127381441,0.0827967564112,0.0830948490684,0.0832256448261,0.0839100412329,0.0836819090973,0.0840469205143,0.0842811361735,0.0847495674919,0.0851206624325,0.0855495508474,0.0857989753156,0.0862643648722,0.0870369723714,0.087709201731,0.0885761038462,0.0893578366309,0.0903433674566,0.0913775664713,0.0925577700528,0.0935950108293,0.0946474604148,0.0955660724808,0.096417765787,0.0968436124401,0.0974732571344,0.0978717279312,0.0983310339642,0.0983797021531,0.0981941546828,0.0981819876356,0.0983705768677,0.0988298829007,0.0988481334715,0.0994656111185,0.0998792907244,0.100067879957,0.100381181423,0.100791819267,0.101275459394,0.101932479945,0.102376577169,0.102337034265,0.102677711588,0.102820674393,0.103310398044,0.103678451222,0.104311137679,0.104238135395,0.104861696566,0.104876905375,0.105004659371,0.10508678694,0.105168914508,0.104949907658,0.104898197707,0.104995534085,0.105022909942,0.105640387589,0.105442673071,0.105634304065,0.105990190196,0.106498164418,0.106723254792,0.107088266209,0.106997013355,0.107629699811,0.108244135696,0.108596980066,0.109214457713,0.10954600975,0.109810643027,0.11040378658,0.110744463902,0.111149018223,0.111991586243,0.111964210387,0.111690451825,0.111720869443,0.112009836814,0.11210413143,0.112441766991,0.112639481509,0.113037952305,0.113472924244,0.113609803525,0.113646304667,0.114145153603,0.11477784006,0.115097225049,0.115775537933,0.115875916072,0.115608241033,0.116067547066,0.116122298779,0.116152716397,0.11657856305,0.116806695185,0.116958783276,0.116858405136,0.116782361091,0.117059161415,0.117573219161,0.117287293551,0.117609720303,0.11790781296,0.1182789079,0.118269782615,0.118434037753,0.118710838077,0.119449986196,0.119802830566,0.120204343125,0.12085223839,0.121192915712,0.121597470033,0.121554885368,0.12202940021,0.122044609019,0.122360952247,0.122269699392,0.122595167906,0.122619502,0.122850675898,0.122948012276,0.123468153545,0.123860540818,0.124374598563,0.124982950925,0.125472674576,0.12613577865,0.126272657932,0.127039181907,0.127325107517,0.127404193324,0.127711411267,0.128173759062,0.12857527162,0.128833821374,0.128940283037,0.128979825941,0.129259668027,0.12924750098,0.12961859592,0.130388161658,0.130585876175,0.130850509453,0.130306034089,0.130254324138,0.130448996894,0.130734922504,0.130652794935,0.130701463124,0.130908302927,0.130902219403,0.130780548931,0.131133393301,0.131817789707,0.132386599166,0.132639065396,0.132608647777,0.133192666045,0.133341712373,0.133445132275,0.133645888554,0.134494540098,0.134403287244,0.134555375335,0.134747006328,0.135057266033,0.1356412843,0.135957627528,0.13649906113,0.136705900933,0.137098288206,0.137000951828,0.137463299623,0.137880020991,0.13782831104,0.138144654268,0.138576584445,0.138695213155,0.138676962584,0.138664795537,0.138500540399,0.138537041541,0.138263282978,0.138290658835,0.138555292112,0.138722589011,0.138591793254,0.13868608787,0.138993305812,0.139148435664,0.139397860133,0.139653368125,0.140176551156,0.140009254256,0.140021421303,0.139619908745,0.139419152465,0.138956804671,0.138640461443,0.138625252634,0.138798633057,0.138424496354,0.138254157693,0.138141612506,0.137971273845,0.137667097664,0.137241251011,0.137457216099,0.137594095381,0.137405506149,0.136976617734,0.136648107458,0.136423017085,0.136197926711,0.136353056563,0.136468643512,0.136426058846,0.136219219043,0.136085381524,0.136039755097,