# R script for Peak Model
#  -- generated by MACS
p <- c(0.0387443745727,0.045201106062,0.0517495071959,0.0580468132164,0.0644756452487,0.0646270994441,0.0645394154362,0.0643919468775,0.0645752861667,0.0645473867097,0.0643600617837,0.0643919468775,0.0642245501352,0.0644078894244,0.0645752861667,0.064957907292,0.064742682909,0.0647068121785,0.0645912287136,0.0645473867097,0.064786524913,0.0645633292566,0.064499559069,0.0643441192369,0.0642683921391,0.0640372252093,0.064112952307,0.0640730959398,0.0640611390296,0.0641926650414,0.0642962915962,0.064471659612,0.0645952143503,0.064471659612,0.0644078894244,0.0642006363149,0.0639893975686,0.0639335986545,0.0637941013692,0.0636745322676,0.0634353940643,0.0633716238767,0.0635230780722,0.0637462737286,0.0641249092172,0.0640770815765,0.0643839756041,0.0643520905103,0.0645792718034,0.0645354297995,0.0647705823661,0.0649021083779,0.064957907292,0.0650535625733,0.0647028265418,0.0648463094638,0.0646948552684,0.0646470276277,0.0647028265418,0.0646789127215,0.0645035447057,0.0643321623267,0.0641448374008,0.0639096848342,0.0638459146466,0.0638578715568,0.0638578715568,0.0640252682991,0.0640053401155,0.0641767224945,0.0643720186939,0.0643321623267,0.0644078894244,0.0646549989012,0.0645394154362,0.0645473867097,0.0643919468775,0.064256435229,0.0638897566506,0.0637622162755,0.0636306902637,0.0640372252093,0.0640451964827,0.0639216417443,0.0639335986545,0.0638459146466,0.064256435229,0.0643122341431,0.064471659612,0.0645194872526,0.0644198463346,0.0640850528499,0.0640013544788,0.0639375842912,0.0640810672132,0.0641886794047,0.0639814262952,0.0640053401155,0.0643520905103,0.0641926650414,0.0645792718034,0.0645633292566,0.0645234728893,0.06481442437,0.0647546398192,0.0647347116356,0.0645752861667,0.0644198463346,0.064212593225,0.0645314441628,0.0645314441628,0.0648542807373,0.0647984818231,0.0648064530966,0.0650575482101,0.065201031132,0.0655876378941,0.0655836522573,0.0656235086246,0.0654361836986,0.0653604566009,0.0654840113393,0.0654640831557,0.065316614597,0.0649021083779,0.0646669558113,0.0644477457916,0.0650416056632,0.0651292896711,0.0651372609445,0.0649818211123,0.0649738498389,0.0650097205694,0.0651253040343,0.0657111926324,0.0661017850312,0.0663568657814,0.0659662733826,0.0660858424843,0.0661177275781,0.066133670125,0.0658267760974,0.0659583021092,0.0660499717538,0.0658307617341,0.0657630059098,0.0657470633629,0.0657390920895,0.0655437958901,0.0651372609445,0.0653245858704,0.065272772593,0.0656195229878,0.0655796666206,0.0656115517144,0.0657829340934,0.0656274942613,0.0659104744685,0.066061928664,0.0666318747152,0.0670025389303,0.0673971169658,0.0673612462353,0.0673811744189,0.06746487279,0.0672855191376,0.06722174895,0.0673054473212,0.0672735622274,0.0674409589697,0.0671579787625,0.0669706538365,0.0668949267388,0.067006524567,0.067006524567,0.0670264527506,0.0676601689894,0.0677916950012,0.0678156088216,0.0677637955442,0.0678116231848,0.0679152497396,0.0681822874,0.0682500432242,0.0684732388807,0.0689794147443,0.0690511562053,0.0690391992951,0.0689435440138,0.0689435440138,0.0689475296505,0.0691428258499,0.0689395583771,0.0685848367089,0.0689754291076,0.068740276541,0.0686924489004,0.0686007792557,0.0693102225922,0.0696729155339,0.069844297913,0.0698602404598,0.0700674935694,0.0704541003314,0.0700834361163,0.070187062671,0.0701631488507,0.0702468472219,0.0701830770343,0.0700316228389,0.0702189477648,0.0706015688901,0.0708885347341,0.0712034000351,0.0712432564023,0.071633848801,0.072064297567,0.0722675650398,0.0723711915946,0.072837511091,0.073024836017,0.072909252552,0.0729291807356,0.0729291807356,0.0732480316734,0.0732360747632,0.0729730227396,0.0732599885835,0.0734911555134,0.0736306527987,0.0737342793534,0.0741368286623,0.0742444408538,0.0746350332526,0.0750654820185,0.0749857692841,0.0756354280697,0.0757430402612,0.0758865231832,0.0759542790075,0.076161532117,0.076205374121,0.0762930581288,0.0763687852266,0.0758785519098,0.0763767565,0.0760937762927,0.076277115582,0.0761296470232,0.0760818193826,0.0762292879413,0.0763169719492,0.0765680670626,0.0767952483558,0.077193812028,0.0770583003794,0.0770423578325,0.0776362177041,0.0780586951966,0.0783735604976,0.0784174025016,0.0785489285134,0.07878408108,0.0787282821659,0.0790710469239,0.0795533089673,0.0799199875457,0.0795772227876,0.0799598439129,0.0802268815733,0.081004080734,0.0814026444062,0.0815222135078,0.081849035719,0.0819446910004,0.0818450500823,0.0823711541296,0.082953057091,0.0830208129152,0.0831443676536,0.082909215087,0.0828295023526,0.0833277069428,0.0835309744156,0.083582787693,0.0841527337442,0.0841447624708,0.0837820695291,0.0838856960839,0.0838418540799,0.084228460842,0.0844556421351,0.0846230388774,0.0848821052643,0.0852567551162,0.0855477065969,0.0862212792029,0.0869586219964,0.087149932559,0.0876202376922,0.0882061262903,0.0890550669121,0.0895094294984,0.0904141690342,0.091649716418,0.0922874182935,0.0932718705637,0.0941008830019,0.0951929474636,0.0963687102966,0.0970741679963,0.0980267351729,0.0991466990917,0.099915926979,0.100398189022,0.100812695241,0.100840594698,0.100992048894,0.101290971648,0.101414526386,0.102096070266,0.102131940996,0.10190874534,0.101892802793,0.102223610641,0.102705872684,0.102853341243,0.103235962368,0.10357474149,0.104312084283,0.104240342822,0.104367883197,0.104694705408,0.10506935526,0.105248708913,0.105260665823,0.105730970956,0.10602989371,0.106316859554,0.106217218636,0.106312873917,0.106567954668,0.107022317254,0.107317254371,0.10745276602,0.10767197604,0.107775602594,0.108465117747,0.108684327767,0.10889955215,0.109529282752,0.110015530432,0.110569533936,0.110888384874,0.111035853433,0.111944578605,0.11202429134,0.111900736601,0.112088061527,0.112239515723,0.111757253679,0.112004363156,0.111960521152,0.112044219523,0.11230328591,0.112052190797,0.112199659356,0.112434811922,0.112901131419,0.113375422189,0.113941382603,0.114001167154,0.114284147361,0.114654811576,0.114690682307,0.114961705604,0.11567114894,0.116137468437,0.116540017746,0.117341130727,0.11781143586,0.118409281368,0.118532836107,0.119118724705,0.119895923865,0.12021876044,0.120370214635,0.120689065573,0.12069305121,0.120752835761,0.120987988327,0.121274954171,0.121697431664,0.121378580726,0.121649604023,0.121709388574,0.122287305898,0.122829352493,0.123311614536,0.123315600173,0.123642422384,0.12363445111,0.12406091424,0.124666731021,0.125061309057,0.125667125839,0.125675097112,0.125695025296,0.125854450765,0.126069675147,0.126169316066,0.126986371594,0.12696644341,0.126994342867,0.127480590547,0.128038579688,0.128556712462,0.128971218681,0.129573049826,0.130047340596,0.130521631366,0.13032234953,0.130868381761,0.131334701257,0.131398471445,0.131175275788,0.131310787437,0.131541954367,0.131593767644,0.131589782007,0.131820948937,0.131832905847,0.132064072777,0.132805401207,0.132897070852,0.133275706341,0.133817752935,0.134108704415,0.133997106587,0.134124646962,0.134272115521,0.134770320111,0.134766334474,0.134690607377,0.134794233932,0.135312366705,0.135762743655,0.135718901651,0.136428344987,0.136779081019,0.137153730871,0.137496495629,0.137871145481,0.137532366359,0.137647949824,0.137958829489,0.137424754168,0.137691791828,0.137831289114,0.138174053872,0.138365364434,0.138341450614,0.138329493704,0.138652330278,0.138959224306,0.138672258462,0.138959224306,0.139286046517,0.13903893704,0.138903425392,0.13874798556,0.139290032154,0.139836064385,0.140433909893,0.140864358659,0.141003855944,0.141119439409,0.141015812854,0.14120313778,0.141613658363,0.142052078402,0.14218759005,0.14168938546,0.14213976241,0.142291216605,0.141960408757,0.141745184374,0.141617643999,0.14170134237,0.141470175441,0.140569421541,0.13996360476,0.139712509646,0.138708129192,0.137907016211,0.138217895876,0.138269709153,0.13783527475,0.137926944395,0.137663892371,0.137970786399,0.137982743309,0.138193982055,0.138213910239,0.138050499133,0.137875131117,0.137440696715,0.137520409449,0.137050104316,0.136982348492,0.137165687781,0.136906621394,0.13637653171,0.136292833339,