# R script for Peak Model
#  -- generated by MACS
p <- c(0.0393799510412,0.0458404548317,0.052323949739,0.0586081883015,0.0651989750867,0.0650112143004,0.0649958868892,0.0653445854924,0.0651644884116,0.0653177625229,0.0652411254673,0.0654863640453,0.0655170188676,0.065651133715,0.0655898240704,0.0658542219124,0.065597487776,0.0653675766091,0.0654135588425,0.0652832758479,0.0650380372698,0.0649307453919,0.0649575683614,0.0651913113811,0.0648885950113,0.0645092415859,0.064877099453,0.0647966305446,0.0649537365086,0.0649077542752,0.0651146743255,0.0650763557976,0.0649000905697,0.0647774712806,0.065352249198,0.0655016914565,0.0653292580813,0.0652487891728,0.0649039224225,0.0649345772447,0.0649767276253,0.0646931705194,0.0646740112555,0.0645897104943,0.0643329763579,0.0641758703939,0.0643406400635,0.0646280290221,0.0647659757223,0.0645897104943,0.0644594274997,0.0648847631585,0.064877099453,0.0649345772447,0.0649000905697,0.0648119579557,0.0645398964082,0.064490082322,0.0644057815608,0.0645552238193,0.0645743830832,0.0643253126524,0.0643751267385,0.0642869941245,0.0643521356218,0.0645475601137,0.0644057815608,0.0645015778803,0.0641682066883,0.064191197805,0.0642869941245,0.0642410118912,0.0640800740743,0.0640494192521,0.063804180674,0.0637428710295,0.0638310036435,0.0637083843545,0.0641298881605,0.0641298881605,0.0639612866381,0.064137551866,0.0642410118912,0.0642103570689,0.0645897104943,0.0646510201388,0.0647391527528,0.0643712948857,0.0640877377799,0.064103065191,0.0641950296578,0.0641337200133,0.064103065191,0.0642141889217,0.0641758703939,0.0643559674746,0.0645169052915,0.0649575683614,0.0652564528784,0.0651108424727,0.0649384090975,0.0648272853668,0.065352249198,0.065651133715,0.065509355162,0.0653024351118,0.0651185061782,0.0650418691226,0.064999718742,0.0652028069395,0.065421222548,0.0654595410759,0.0651031787671,0.0649307453919,0.0648962587169,0.0649767276253,0.0649690639197,0.0649307453919,0.0649767276253,0.0649690639197,0.0648349490724,0.0648924268641,0.0649728957725,0.0649728957725,0.0648924268641,0.0651568247061,0.0653254262285,0.0650073824476,0.065034205417,0.0648694357474,0.0650035505948,0.0651338335894,0.0651453291477,0.0653675766091,0.0655131870148,0.0653062669646,0.0654863640453,0.0658235670901,0.0654633729286,0.0656243107455,0.0654672047814,0.0653445854924,0.0650840195032,0.0648962587169,0.0650725239449,0.0651721521172,0.0651453291477,0.0650648602393,0.065651133715,0.0655668329538,0.0659960004653,0.0660304871404,0.0663945131547,0.0662412390434,0.0661760975461,0.0663561946269,0.0663102123935,0.0664864776214,0.0661914249572,0.0662144160739,0.0662105842211,0.0665707783826,0.0665707783826,0.0667010613772,0.0667738665801,0.0666857339661,0.0664903094742,0.0666627428494,0.0668390080774,0.0670804148027,0.0670957422138,0.0670995740666,0.0671417244472,0.0668428399302,0.0668351762246,0.0669999458942,0.0671340607416,0.0672528481779,0.0673333170863,0.0675479008421,0.0678544490646,0.0678352898007,0.0680575372621,0.0686668018544,0.0688085804074,0.0687242796462,0.0689235359908,0.0690346597215,0.0691189604827,0.0691266241883,0.0689005448741,0.0690423234271,0.0691227923355,0.0693641990608,0.0693833583247,0.0696554198722,0.0700615962671,0.0700347732976,0.069992622917,0.0698393488057,0.0698125258363,0.0700194458865,0.0701267377644,0.069992622917,0.0703604807841,0.0702838437285,0.0703643126369,0.0706018875094,0.0711919928378,0.0713222758324,0.0715291958826,0.0716173284966,0.071785930019,0.0717092929634,0.0716748062883,0.0719736908053,0.0716249922022,0.0715330277354,0.0712379750712,0.0719085493081,0.0721844427084,0.0722457523529,0.0721001419472,0.0726021146616,0.0725446368699,0.0728856717675,0.0732611933401,0.0732880163096,0.0734336267153,0.0731040873761,0.0728665125036,0.0728703443563,0.0731960518428,0.0730772644066,0.0732267066651,0.0731385740511,0.0734297948625,0.0738742897852,0.0743915899108,0.0746598196056,0.0748897307725,0.0752039427006,0.0749778633865,0.0751158100866,0.0753687123702,0.0754989953648,0.0754568449842,0.0754338538675,0.0750889871172,0.0753342256952,0.0757020835623,0.075725074679,0.0761772333073,0.0764952770882,0.07662172823,0.0766983652856,0.0768516393969,0.0769665949804,0.0773114617307,0.0773152935835,0.077518381781,0.0776103462478,0.0777099744201,0.0777866114757,0.0780969915511,0.0779245581759,0.0784188671848,0.0784763449765,0.0786909287323,0.0789170080464,0.0793385118525,0.0796795467501,0.0797408563946,0.079997590531,0.0800627320283,0.0805723684483,0.0805723684483,0.0809363944626,0.0811241552489,0.0811892967462,0.0809172351987,0.0809248989042,0.08164911908,0.0817755702218,0.0820399680638,0.0821127732667,0.0821702510584,0.0822238969973,0.0822852066419,0.0825419407783,0.0830707364622,0.0834347624765,0.0835037358266,0.0836991603184,0.0839214077798,0.0843275841747,0.0845919820167,0.0850134858227,0.085553777065,0.0863124839158,0.0866841736357,0.0873854026948,0.0880253221094,0.0890445949494,0.0903129382203,0.0912479102991,0.0926963506507,0.0939493665104,0.0951219134617,0.0958269743736,0.0969612027971,0.0980992630734,0.0987775010158,0.0991032085023,0.099160686294,0.0993101285525,0.0995860219528,0.0997163049474,0.100103322078,0.100704922965,0.100992311924,0.100566976265,0.100731745935,0.101187736416,0.101425311288,0.102172522581,0.1022683189,0.102651504178,0.102892910904,0.102800946437,0.103061512426,0.103567316993,0.103873865216,0.104142094911,0.104755191356,0.104973606964,0.105008093639,0.105322305568,0.105364455948,0.105571375998,0.105414270034,0.106077180566,0.106245782088,0.106483356961,0.106287932469,0.106333914702,0.106491020666,0.10685504668,0.107004488939,0.107012152644,0.107429824598,0.107318700867,0.107502629801,0.107579266856,0.107866655815,0.108138717362,0.108901256066,0.108935742741,0.109682954034,0.110234740834,0.110767368371,0.110541289057,0.110901483218,0.111449438166,0.111870941972,0.112346091717,0.112326932453,0.112675631056,0.112683294762,0.113062648187,0.113020497807,0.113848178008,0.11425052255,0.114453610747,0.114511088539,0.114913433081,0.115043716076,0.115120353131,0.11506287534,0.115702794754,0.115879059982,0.11601317483,0.116158785235,0.116580289041,0.117285349953,0.117296845511,0.11802489754,0.11856135693,0.118680144366,0.11825864056,0.119216603755,0.119626612003,0.119764558703,0.120101761748,0.12020138992,0.120446628498,0.12033933662,0.120791495249,0.121511883572,0.122270590423,0.121691980653,0.121699644358,0.122427696387,0.122489006031,0.122876023162,0.123263040293,0.123527438135,0.123512110724,0.123462296638,0.123485287755,0.123765013008,0.124221003489,0.124412596128,0.124573533945,0.124730639909,0.124765126584,0.12532457709,0.125405045998,0.126278708433,0.126665725564,0.127259662745,0.127980051068,0.128321085965,0.129133438755,0.129727375936,0.130321313118,0.130528233168,0.130850108802,0.130528233168,0.130742816924,0.13106852441,0.130466923523,0.130122056773,0.129857658931,0.129616252206,0.129777190023,0.12967756185,0.129876818195,0.130191030123,0.130474587229,0.130876931771,0.131394231897,0.132160602453,0.132340699534,0.132674070726,0.132371354356,0.133141556765,0.133658856891,0.134409900036,0.13466280232,0.134666634173,0.13480074902,0.13477392605,0.134892713487,0.135440668435,0.136203207138,0.136214702697,0.136912099903,0.13653657833,0.136636206503,0.13653657833,0.137333603709,0.137873894951,0.138042496474,0.137755107515,0.138057823885,0.138513814366,0.138019505357,0.138486991396,0.13843717731,0.138751389238,0.138306894316,0.138172779468,0.138425681752,0.139157565633,0.139322335303,0.139349158272,0.139479441267,0.139471777561,0.13982813987,0.14006188289,0.140402917787,0.140724793421,0.141345553572,0.140720961568,0.140625165249,0.140935545324,0.141035173496,0.14149499583,0.141544809916,0.141567801033,0.14149499583,0.14115012908,0.140552360046,0.140954704588,0.141169288344,0.140483386696,0.140625165249,0.139762998373,0.139835803576,0.140000573245,0.140042723626,0.140031228067,0.140280298498,0.139694025023,0.139479441267,0.139467945708,0.138900831497,0.139092424136,0.138923822613,0.138433345457,0.137988850535,