# R script for Peak Model
#  -- generated by MACS
p <- c(0.0358942320444,0.0427325911186,0.0488985592379,0.0552791202151,0.0611732707142,0.0609872902373,0.0614593945248,0.0617312121449,0.0615309254775,0.0617455183355,0.0617884369071,0.0607297788077,0.060658247855,0.0598714073758,0.0597569578515,0.0598141826137,0.0591847102303,0.0587555245143,0.0587984430859,0.0584694007037,0.0586696873711,0.0588413616575,0.0589128926102,0.0589271988007,0.0593277721356,0.0592991597545,0.0595995897557,0.0601575311864,0.0604007364255,0.0605294921403,0.0605294921403,0.0609729840467,0.0609443716657,0.0608585345225,0.0613163326195,0.0612591078574,0.0612591078574,0.0607011664266,0.0606725540456,0.0607297788077,0.0605008797592,0.0597855702326,0.0599858569,0.0607154726172,0.0600716940432,0.0603721240444,0.0600430816622,0.0598857135663,0.0595995897557,0.0596425083273,0.0594708340409,0.0601146126148,0.0600573878527,0.0599143259474,0.0597569578515,0.0596568145178,0.0602576745201,0.0610588211899,0.0613163326195,0.0606153292834,0.0608871469035,0.0615023130964,0.0612734140479,0.0617312121449,0.0621890102419,0.0622891535757,0.0620602545272,0.061302026429,0.0622033164325,0.0627183392916,0.0632333621508,0.0624179092905,0.0625037464336,0.0620316421461,0.0614880069059,0.0610159026183,0.0612591078574,0.0615309254775,0.0609872902373,0.0614450883343,0.0609443716657,0.060844228332,0.0612304954763,0.0610588211899,0.0616739873828,0.061759824526,0.061759824526,0.0614737007154,0.0609157592846,0.0608013097604,0.0611017397615,0.0611160459521,0.0610731273805,0.0611160459521,0.0613449450006,0.0616310688112,0.0614880069059,0.0622605411946,0.062460827862,0.0623463783378,0.0616310688112,0.0614880069059,0.0612161892858,0.0616882935733,0.0614307821438,0.0617169059544,0.0623463783378,0.0622033164325,0.0622748473851,0.0626897269106,0.0636053231046,0.0635910169141,0.0638628345342,0.063347811675,0.0636053231046,0.0634050364372,0.0628327888159,0.0625323588147,0.0627469516727,0.0625752773863,0.0625609711958,0.0635051797709,0.0637483850099,0.0640774273921,0.0639772840584,0.064449388346,0.0646353688229,0.0650931669199,0.065121779301,0.0655509650169,0.0657512516844,0.0652648412063,0.0647641245377,0.0655080464453,0.0654794340643,0.0655223526359,0.065794170256,0.0657083331128,0.0654937402548,0.0647927369187,0.0641918769164,0.0646496750134,0.0652076164442,0.0647498183471,0.0643492450123,0.0639629778679,0.0642204892975,0.0649357988241,0.0653077597779,0.065822782637,0.0660659878761,0.0665953169258,0.0661661312098,0.0663664178772,0.0669529716891,0.0671103397849,0.0666954602595,0.0665237859731,0.0670531150228,0.0673106264523,0.0679257926452,0.0670531150228,0.0665667045447,0.0665523983542,0.0667812974027,0.0669100531175,0.0675109131198,0.0668957469269,0.0663950302583,0.0661661312098,0.0661947435909,0.0665237859731,0.0677111997872,0.0679257926452,0.0680116297884,0.0678971802642,0.0670245026417,0.0670674212133,0.0672820140713,0.0676968935967,0.0674823007387,0.0678256493115,0.0675824440725,0.0680974669316,0.0682834474085,0.069184737412,0.0689129197919,0.0692705745552,0.0694422488416,0.0693134931268,0.0695710045564,0.0694565550321,0.0701718645587,0.0696282293185,0.0694279426511,0.0693421055079,0.0706010502747,0.0709157864664,0.0711446855149,0.0711589917054,0.0713020536107,0.0715738712308,0.0719744445657,0.0726182231397,0.0725037736154,0.0726325293302,0.0725037736154,0.0723893240912,0.0720459755184,0.0722605683764,0.0731046336177,0.0724751612343,0.072303486948,0.0725037736154,0.0735338193337,0.0738485555254,0.0738771679065,0.0745924774331,0.075021663149,0.0749358260058,0.0744923340993,0.0748356826721,0.0747641517194,0.0744923340993,0.0740917607644,0.0742062102887,0.0747355393384,0.0744780279088,0.0751504188638,0.0757798912472,0.0757226664851,0.0762519955348,0.0759515655336,0.0761804645821,0.0765667317265,0.0766954874412,0.0769243864897,0.0770817545856,0.0764379760117,0.076151852201,0.0766668750602,0.076824243156,0.077253428872,0.0778256764933,0.0776826145879,0.0775681650637,0.0778829012554,0.0783263931619,0.0796425626908,0.0803435660269,0.0807727517428,0.0818314098422,0.0825181069877,0.0825038007972,0.0832906412764,0.083304947467,0.0824608822256,0.0826897812741,0.0821032274623,0.0820030841286,0.0815452860315,0.0807012207902,0.0808013641239,0.080400790789,0.0804437093606,0.0804294031701,0.0807012207902,0.0810302631724,0.0805867712659,0.0809015074576,0.0811590188872,0.0814451426978,0.0811876312682,0.0817598788895,0.0816740417463,0.0820173903191,0.0819744717475,0.0810159569819,0.0818743284138,0.0820173903191,0.0831332731806,0.0837770517545,0.0843636055663,0.084220543661,0.0843206869947,0.0842777684231,0.0854508760467,0.0868814950999,0.0868528827189,0.0872248436727,0.0865667589082,0.0862091041449,0.0858371431911,0.0867098208135,0.0865524527177,0.0877684789129,0.0882978079626,0.0875538860549,0.0882978079626,0.0888271370122,0.0899859384453,0.0912162708311,0.0924466032168,0.0936769356025,0.096137600374,0.0974966884745,0.0987556332413,0.101573952776,0.103505288498,0.104521028026,0.106037484222,0.107139060893,0.108312168517,0.108483842803,0.108612598518,0.108541067565,0.109356520425,0.109127621377,0.109313601854,0.110300729001,0.109857237094,0.110615465192,0.111187712814,0.111702735673,0.112346514247,0.112990292821,0.113848664252,0.114535361398,0.114549667589,0.114563973779,0.11540803902,0.114807179018,0.114263543778,0.114950240923,0.114935934733,0.115422345211,0.114935934733,0.114621198541,0.115064690448,0.116180573309,0.116852964264,0.117425211885,0.119184873321,0.119413772369,0.11915626094,0.118870137129,0.119828651895,0.120343674754,0.121073290471,0.12077286047,0.119571140465,0.120200612849,0.119456690941,0.119928795228,0.121531088568,0.122432378572,0.12240376619,0.122532521905,0.122046111427,0.122890176669,0.124234958579,0.12482151239,0.12562265906,0.12615198811,0.125865864299,0.12589447668,0.125980313823,0.12642380573,0.127153421447,0.127353708115,0.127024665732,0.126881603827,0.12696744097,0.126981747161,0.12695313478,0.127797200021,0.128498203357,0.128770020977,0.129327962408,0.128641265262,0.129614086219,0.130286477174,0.130529682413,0.130157721459,0.131144848605,0.13072996908,0.130887337176,0.131473890988,0.13181723956,0.132389487182,0.132646998611,0.134163454808,0.134621252905,0.13529364386,0.134263598141,0.135193500526,0.135951728624,0.136152015292,0.135937422434,0.136323689578,0.136323689578,0.135608380051,0.1358372791,0.136881631009,0.137868758155,0.137282204344,0.137668471488,0.138383781015,0.139499663876,0.139800093877,0.140501097213,0.140930282929,0.140844445786,0.141330856264,0.142232146268,0.143290804367,0.143548315797,0.144206400561,0.144821566754,0.145608407233,0.145722856757,0.145923143425,0.147339456288,0.147282231525,0.147339456288,0.148269358672,0.147840172956,0.147167782001,0.146280798188,0.147439599621,0.148698544388,0.148240746291,0.148069072005,0.148326583434,0.148297971053,0.147625580098,0.14795462248,0.148011847243,0.14846964534,0.147024720096,0.14659553438,0.146853045809,0.147453905812,0.14766849867,0.148898831055,0.148970362008,0.149170648676,0.150129163441,0.15035806249,0.150572655348,0.150758635825,0.152031886782,0.151230740112,0.151130596778,0.149971795345,0.149986101536,0.149771508678,0.150758635825,0.151473945351,0.152174948687,0.152561215832,0.152174948687,0.152704277737,0.152189254878,0.152732890118,0.153433893454,0.154020447266,0.153090544881,0.152604134403,0.1530619325,0.151860212496,0.151187821541,0.150987534873,0.151874518686,0.151845906305,0.151459639161,0.151416720589,0.15144533297,0.151187821541,0.150815860587,0.152446766307,0.152432460117,0.152346622974,0.151760069162,0.151144902969,0.151817293924,0.151388108208,0.151144902969,0.151087678207,0.150887391539,0.149943182964,0.150186388203,0.14955691582,0.151016147254,0.152117723925,0.15117351535,0.151946049639,0.151917437258,0.152160642497,0.152318010593,0.151788681543,0.151802987733,0.152446766307,0.151101984397,0.150243612965,0.150944616302,0.150157775822,0.150315143918,0.150315143918,0.149513997248,0.149471078677,0.148941749627,