# R script for Peak Model
#  -- generated by MACS
p <- c(0.0367184718644,0.0428818746113,0.0490992071322,0.0548619887005,0.0609252361527,0.06071722131,0.0613951956122,0.0615492806808,0.0613489700915,0.0612179977832,0.0617958167907,0.0619267890991,0.0617187742564,0.0620269443937,0.0620115358868,0.0622426634898,0.0617341827632,0.0617572955235,0.062050057154,0.0623967485585,0.0624275655722,0.0620038316334,0.0624044528119,0.0624429740791,0.062335114531,0.0625508336272,0.0626818059356,0.0629822718195,0.0629129335386,0.0624891995997,0.0626972144424,0.0633983015049,0.0628898207783,0.0634753440392,0.0635215695598,0.0631363568881,0.063382892998,0.0628744122714,0.0625277208669,0.0626741016821,0.062103986928,0.061818929551,0.0622965932639,0.0615415764274,0.0618497465647,0.0617958167907,0.0616032104549,0.0616802529892,0.0617110700029,0.0617033657495,0.0618497465647,0.0614491253862,0.0612950403175,0.0616340274686,0.0614799423999,0.0619499018594,0.0620885784212,0.0620346486471,0.0619884231265,0.0620962826746,0.0622349592364,0.0628050739905,0.0630593143538,0.0631825824087,0.0630901313675,0.0629822718195,0.0630824271141,0.0632365121828,0.0631440611416,0.0628744122714,0.0626432846684,0.0620038316334,0.0619036763388,0.0615030551602,0.0615569849343,0.0613951956122,0.0616263232152,0.0612565190503,0.0612642233038,0.0617958167907,0.0616648444823,0.0621964379692,0.0619190848456,0.0617187742564,0.0618343380579,0.0621887337158,0.0616032104549,0.062050057154,0.0624429740791,0.0625354251203,0.0624352698257,0.062335114531,0.0625662421341,0.0627049186959,0.0631209483813,0.0630747228607,0.0634599355323,0.063382892998,0.0634137100117,0.062866708018,0.0629668633126,0.0635832035873,0.0633520759843,0.063968416259,0.0639530077521,0.06430740341,0.0640916843139,0.0638297396972,0.0637681056697,0.0646386863077,0.0649314479382,0.0643382204238,0.0643305161703,0.0641379098345,0.0638759652178,0.0636679503751,0.0640685715536,0.0639298949918,0.0643613331841,0.0639838247658,0.0639453034987,0.0641918396085,0.0649237436847,0.0652627308358,0.0654784499319,0.0650624202465,0.0650855330068,0.0658867753639,0.0655246754525,0.065301252103,0.0653243648633,0.065355181877,0.0649622649519,0.0646155735474,0.0642380651291,0.0645154182527,0.0646695033214,0.0644614884787,0.0642380651291,0.0643844459444,0.064484601239,0.0647003203352,0.0645000097459,0.0648235883901,0.0648312926435,0.0647773628695,0.0647927713764,0.0646772075749,0.064838996897,0.0650161947259,0.0650624202465,0.0649314479382,0.065124054274,0.0651856883015,0.0657943243227,0.0661487199807,0.0660023391654,0.0662719880356,0.0667265389882,0.0663567348234,0.0662951007959,0.0663644390768,0.0665339326523,0.066811285776,0.0665878624264,0.0666957219744,0.0668266942828,0.0669884836049,0.0671887941942,0.0678744727498,0.0680978960994,0.0684908130245,0.0687450533878,0.0686526023466,0.0690994490457,0.0696002255189,0.0697389020807,0.069993142444,0.0696310425326,0.0695077744777,0.0697157893204,0.0695771127586,0.0691533788198,0.0694307319434,0.0689299554702,0.0681826428871,0.0682365726612,0.0682134599009,0.068375249223,0.0681672343803,0.0676356408933,0.0674661473178,0.0679361067773,0.0675354855987,0.0676664579071,0.0680362620719,0.0681364173665,0.0681210088597,0.0683213194489,0.0688220959221,0.0689992937511,0.0692689426213,0.0697928318547,0.0702627913142,0.0705940742118,0.0708483145751,0.071040920911,0.0714415420895,0.0713953165689,0.0712335272468,0.0718652760284,0.0722042631795,0.0722196716863,0.071965431323,0.0720270653505,0.0718190505078,0.0716726696925,0.071788233494,0.0722736014604,0.0725817715977,0.0726511098786,0.0730363225503,0.0731749991121,0.0737142968524,0.0735062820097,0.0734600564891,0.0741072137775,0.0742150733256,0.0740763967638,0.0741534392981,0.0742535945928,0.0742073690722,0.0739454244554,0.0741765520584,0.0748853433743,0.0753321900735,0.0756095431971,0.0754708666353,0.0755941346902,0.0761334324306,0.0766650259175,0.0762721089924,0.0766110961435,0.0762721089924,0.0763568557802,0.0765648706229,0.0763414472733,0.0767882939724,0.0773738172334,0.0770579428426,0.0770733513495,0.0773892257402,0.0777667341585,0.0782675106317,0.0785833850225,0.0787297658377,0.0790071189613,0.0787913998652,0.0786373147965,0.0784370042072,0.0786604275568,0.079215133804,0.0791843167903,0.0797698400512,0.0800163761611,0.080262912271,0.0801011229489,0.0804015888328,0.0805325611411,0.0810025206006,0.0812336482036,0.0811566056693,0.0811180844021,0.0808946610525,0.0807713929976,0.0810795631349,0.0816881991562,0.0823584692049,0.0829054711987,0.0833600221513,0.0837067135558,0.0836681922886,0.0840071794397,0.0837760518367,0.0842537155496,0.0842999410702,0.084261419803,0.0840071794397,0.0836990093023,0.0837683475832,0.0836065582611,0.0840457007069,0.0844463218854,0.0853323110303,0.0856790024348,0.0861720746545,0.0869039787307,0.0871659233475,0.088028799732,0.0884679421777,0.0895619461653,0.090871669249,0.091565052058,0.0923123646411,0.0931213112516,0.0949009937948,0.0960027020358,0.0974048761607,0.0984603588811,0.0997007436839,0.100193815904,0.100663775363,0.102089062248,0.102905713112,0.103337151305,0.102936530126,0.103198474743,0.103514349133,0.103914970312,0.104508197826,0.104970453032,0.105332552944,0.104847184978,0.105086016834,0.105579089054,0.106141499554,0.107004375939,0.107212390782,0.107374180104,0.106834882363,0.107250912049,0.107790209789,0.108460479838,0.108807171242,0.109369581743,0.109739385908,0.109585300839,0.110178528354,0.110263275141,0.111226306821,0.111164672793,0.111542181211,0.111834942842,0.111341870622,0.111033700485,0.111349574875,0.111734787547,0.111596110985,0.112135408726,0.112381944836,0.112882721309,0.112720931987,0.113429723303,0.114492910276,0.115178588832,0.115386603675,0.115163180325,0.115871971641,0.116187846032,0.116365043861,0.116680918251,0.117297258526,0.117158581964,0.117543794636,0.1183604455,0.118591573103,0.119215617631,0.119570013289,0.119770323878,0.120502227955,0.120933666147,0.120617791756,0.121318878818,0.1219506276,0.12170409149,0.121912106333,0.122620897649,0.123175603896,0.12345295702,0.123784239917,0.124354354671,0.125964543639,0.125779641557,0.125987656399,0.126981505092,0.127844381477,0.128291228176,0.128622511074,0.129300485376,0.129030836505,0.128992315238,0.128183368628,0.128799708902,0.128406791977,0.127990762292,0.128137143107,0.127775043196,0.127882902744,0.128476130258,0.129516204472,0.129901417143,0.130787406288,0.130787406288,0.131434563577,0.131950748557,0.131842889009,0.132151059146,0.132066312358,0.132497750551,0.132605610099,0.133106386572,0.132936892996,0.133368331189,0.133553233271,0.133252767387,0.133530120511,0.13402319273,0.134423813909,0.134154165039,0.134277433094,0.134346771375,0.135209647759,0.135864509301,0.136434624055,0.137135711118,0.138137264064,0.138591815017,0.139023253209,0.139154225517,0.1393391276,0.139947763621,0.140009397648,0.139924650861,0.140009397648,0.140741301725,0.141126514396,0.140995542088,0.14113421865,0.141542544082,0.141681220643,0.141218965437,0.141265190958,0.141480910054,0.141565656842,0.14194316526,0.141765967431,0.142089546075,0.141927756753,0.142351490692,0.142690477843,0.142798337391,0.143160437303,0.143276001104,0.143591875495,0.143075690515,0.14346860744,0.143923158393,0.144400822105,0.144115764728,0.144339188078,0.145456304826,0.14553334736,0.14602641958,0.146712098136,0.147613495787,0.147212874609,0.147428593705,0.147736763842,0.148453259412,0.148823063576,0.148838472083,0.148746021042,0.148283765836,0.148499484932,0.148676682761,0.148715204028,0.148630457241,0.148437850905,0.148699795521,0.148499484932,0.147559566013,0.147158944835,0.147521044746,0.146912408725,0.145964785552,0.146288364197,0.145795291977,0.146172800395,0.145664319669,0.145517938853,0.146041828087,0.146550308813,0.146658168362,0.14602641958,0.14681225343,0.146018715327,0.146627351348,0.146226730169,0.146642759855,0.146712098136,0.146758323656,0.146719802389,0.146604238587,0.146843070444,0.145957081299,0.14676602791,0.146950929992,0.146750619403,0.145702840936,0.145186655956,0.145271402743,0.144886190072,