# R script for Peak Model
#  -- generated by MACS
p <- c(0.0371896185899,0.043247737835,0.0490165140714,0.0551560110377,0.061268382097,0.0613678437562,0.0610965846855,0.0611237105926,0.0609519131812,0.0605721504822,0.0602737655045,0.0603370592876,0.060888619398,0.0611146686236,0.0613859276943,0.0613768857252,0.0615667670747,0.0618651520525,0.0623172505036,0.0624347961009,0.0627874328928,0.062480005946,0.0621544950612,0.062064075371,0.0620459914329,0.0621816209683,0.0619465297737,0.061675270703,0.0619555717427,0.0619465297737,0.0622720406585,0.0631400696846,0.0637730075162,0.0637277976711,0.0635017484455,0.0631852795298,0.0634203707243,0.0637277976711,0.0633209090651,0.0634927064765,0.063293783158,0.0628597686449,0.0621183271851,0.0623715023177,0.0622991665655,0.0623082085346,0.0627422230477,0.062461922008,0.0619194038666,0.0616300608579,0.0611327525616,0.0613588017872,0.0617295225171,0.0619103618976,0.0615396411677,0.0612322142209,0.0613859276943,0.0613316758801,0.0618741940215,0.0618289841764,0.0621544950612,0.0619917396188,0.0621092852161,0.061693354641,0.0625975515433,0.0631671955917,0.0627964748618,0.0629863562113,0.0627422230477,0.0627603069857,0.0629321043971,0.0624076701938,0.0622539567204,0.0623986282248,0.062470963977,0.0622629986895,0.0622358727824,0.0627060551716,0.0627693489547,0.0635017484455,0.0631310277156,0.0638001334233,0.0638815111445,0.063682587826,0.0629049784901,0.0635469582907,0.0637187557021,0.0630044401493,0.0628597686449,0.0623715023177,0.0620369494639,0.0617204805481,0.0621544950612,0.0623534183797,0.0626065935123,0.0621454530922,0.0614763473845,0.0618470681144,0.0622901245965,0.0621997049063,0.0629140204591,0.0631039018086,0.0626518033574,0.0626789292645,0.0629411463662,0.0632395313439,0.0635831261668,0.0634836645075,0.0633932448173,0.0633661189102,0.062895936521,0.0625613836672,0.0621092852161,0.0618470681144,0.0614673054155,0.0610875427165,0.0612050883138,0.0612141302828,0.0611689204377,0.0616119769198,0.062091201278,0.0624076701938,0.0628326427379,0.0629411463662,0.0634746225385,0.0633209090651,0.0636373779809,0.0638634272065,0.064071392494,0.0638182173613,0.064071392494,0.0641979800603,0.0648580437989,0.0651293028696,0.0646319945734,0.0652558904359,0.0649575054582,0.0646772044185,0.0643878614098,0.0642160639983,0.0638363012994,0.064098518401,0.0636192940428,0.0630858178705,0.0635198323836,0.0636012101048,0.0643336095956,0.0641256443081,0.0641166023391,0.0643607355027,0.0639990567418,0.0641256443081,0.0643245676266,0.0646681624495,0.0643878614098,0.0638001334233,0.063284741189,0.0639357629586,0.0644330712549,0.0644601971619,0.064903253644,0.0647043303256,0.0646591204804,0.0653463101262,0.0657170308561,0.0660063738648,0.0661600873382,0.0663318847496,0.0663770945947,0.0665669759442,0.0668472769839,0.0667568572937,0.0670462003024,0.0666573956344,0.0666845215415,0.066892486829,0.0670552422714,0.0669286547051,0.0660244578028,0.0659973318958,0.0656627790419,0.0655361914756,0.065689904949,0.0661600873382,0.0660606256789,0.0662776329355,0.0663138008116,0.0669105707671,0.0678599775144,0.0685562091292,0.0690444754564,0.0696050775358,0.0697859169162,0.0696231614738,0.0699396303896,0.0702289733983,0.0702018474913,0.0697678329782,0.0697678329782,0.0697135811641,0.0700119661418,0.0699577143277,0.0698130428233,0.0698130428233,0.0698040008543,0.0698040008543,0.0703193930886,0.0702380153674,0.0704188547478,0.0701295117391,0.0699577143277,0.0705183164071,0.0707353236636,0.0711602962077,0.0716576045039,0.0722182065833,0.0716395205659,0.0718384438844,0.072091619017,0.0723447941496,0.0726431791274,0.0722634164284,0.072109702955,0.0722001226453,0.0724080879328,0.0720464091719,0.0727607247247,0.0731947392378,0.0732309071138,0.0734931242155,0.0731766552997,0.0733936625562,0.0736558796579,0.0734117464943,0.0733484527111,0.0731224034856,0.0733303687731,0.0734750402775,0.0733394107421,0.073294200897,0.0737824672242,0.0740175584188,0.0740537262949,0.0746957060955,0.074876545476,0.0753828957412,0.075292476051,0.0750483428874,0.0755546931526,0.0759434978206,0.0766035615593,0.0766758973114,0.076892904568,0.0765402677761,0.0768748206299,0.0771460797006,0.0774896745235,0.0776614719349,0.0774354227093,0.0779779408507,0.0778242273773,0.0781949481072,0.0784752491469,0.0795422014916,0.0798767543454,0.0795874113367,0.0795422014916,0.0805549020221,0.0811245460706,0.0811516719776,0.0819111973755,0.0817755678402,0.0818840714684,0.0810612522874,0.0810883781945,0.0817393999641,0.0826616808044,0.0824175476408,0.0822638341674,0.0822728761364,0.0819383232826,0.0824356315788,0.0827430585256,0.0834302481713,0.0832765346979,0.0836201295208,0.0833307865121,0.0841897735692,0.0848769632149,0.0852115160688,0.0852024740997,0.0855279849845,0.0858534958694,0.0858534958694,0.0861518808471,0.0863508041656,0.0865768533912,0.0858173279933,0.0859981673737,0.0866130212673,0.0879421907136,0.0886474642973,0.0897867523942,0.0910255021503,0.0922100000922,0.09371096695,0.0950491783653,0.0967490685416,0.0983856649346,0.0987383017265,0.098928183076,0.0997962121022,0.100175974801,0.100537653562,0.101450892433,0.101921074822,0.102119998141,0.102156166017,0.10203862042,0.103295454114,0.104027853605,0.104651749467,0.10527564533,0.105393190927,0.10573678575,0.105971876945,0.106161758294,0.106496311148,0.106631940683,0.106270261922,0.106812780064,0.106984577475,0.107282962453,0.107174458825,0.106514395086,0.106505353117,0.108015361944,0.108729677496,0.109172733979,0.109787587872,0.110076930881,0.110131182695,0.110402441766,0.110863582186,0.111514603955,0.111605023646,0.111279512761,0.111822030902,0.112545388424,0.1125815563,0.111776821057,0.112102331942,0.111903408623,0.113151200349,0.113747970304,0.113910725746,0.114163900879,0.114272404507,0.114462285857,0.11498672006,0.116487686918,0.11656002267,0.11748230351,0.117563681232,0.118033863621,0.118947102492,0.118621591607,0.119010396275,0.119462494726,0.119580040324,0.119833215456,0.120149684372,0.11979704758,0.11988746727,0.12034860769,0.12035764966,0.120809748111,0.12118951081,0.121288972469,0.121704903044,0.12174107092,0.122374008752,0.123368625344,0.12405581499,0.123468087003,0.123667010322,0.123874975609,0.124073898928,0.124336116029,0.125131809303,0.125746663197,0.126316307245,0.126759363727,0.127139126426,0.127781106227,0.128468295873,0.129200695364,0.129589500032,0.129544290186,0.129490038372,0.129734171536,0.129263989147,0.129390576713,0.129797465319,0.130773997974,0.131189928549,0.130873459633,0.130837291757,0.131596817155,0.132220713017,0.132482930119,0.133549882463,0.133775931689,0.13422803014,0.134445037397,0.134309407861,0.135412528082,0.136126843635,0.136289599077,0.136334808922,0.13700391463,0.136940620847,0.137383677329,0.13746505505,0.137302299608,0.137591642617,0.137971405315,0.137772481997,0.137790565935,0.138432545736,0.137862901687,0.138839434342,0.138884644187,0.138794224497,0.140186687726,0.140711121929,0.140828667527,0.140828667527,0.141796158212,0.141841368057,0.142854068588,0.142953530247,0.143441796574,0.14384868518,0.143459880512,0.143893895025,0.144689588299,0.146091093498,0.147094752059,0.147257507502,0.147311759316,0.14681445102,0.146479898166,0.147393137037,0.147854277457,0.147790983674,0.147483556727,0.147555892479,0.147076668121,0.147411220975,0.147962781085,0.148876019957,0.149626503386,0.149626503386,0.150060517899,0.151100344336,0.151823701858,0.152348136061,0.152709814822,0.15282736042,0.15282736042,0.153478382189,0.153614011725,0.153261374933,0.152230590464,0.151914121548,0.151760408075,0.151217889934,0.150684413761,0.150431238629,0.150711539668,0.15051261635,0.150159979558,0.150530700288,0.151371603407,0.152131128805,0.152872570265,0.15309861949,0.153134787366,0.153614011725,0.153614011725,0.152809276482,0.153460298251,0.153387962499,0.15337892053,0.152438555752,0.152167296681,0.15235717803,0.152800234513,0.152845444358,0.152556101349,0.152972031924,0.153044367676,0.15272789876,0.152628437101,0.152122086836,0.151389687345,0.150765791482,0.150485490443,0.149888720487,0.149147279027,0.148649970731,