# R script for Peak Model
#  -- generated by MACS
p <- c(0.0399321984737,0.0462050375287,0.0529076483556,0.0595096742997,0.0659196745585,0.0657642251942,0.0658739541573,0.0654533264655,0.065901386398,0.0658099455955,0.0656819284719,0.0660111153611,0.0661208443241,0.0659745390401,0.0662488614477,0.066258005528,0.0660202594413,0.0661299884044,0.0659288186388,0.0661391324846,0.0664957516146,0.0667700740222,0.0660659798426,0.0659196745585,0.0655996317496,0.0655813435891,0.0657276488732,0.0657550811139,0.0655447672681,0.0654533264655,0.0653435975025,0.0647675204464,0.065361885663,0.0658556659967,0.0662122851267,0.0660934120834,0.0663585904108,0.0663220140897,0.0664866075343,0.0661299884044,0.0655447672681,0.065398461984,0.0651972922184,0.0643103164336,0.0642097315508,0.0640177058655,0.0638531124209,0.0639171209827,0.0635147814515,0.0636610867355,0.0639079769024,0.0641548670693,0.064429189477,0.0653527415827,0.0651698599776,0.065361885663,0.0651149954961,0.0651881481381,0.0656636403114,0.0658190896757,0.0654624705458,0.0657642251942,0.0655904876693,0.0652338685394,0.0655356231878,0.0653161652617,0.0656270639904,0.0656453521509,0.0655630554286,0.0650967073356,0.0659105304783,0.0655539113483,0.0658008015152,0.0656087758299,0.0651149954961,0.0653253093419,0.0652887330209,0.0651790040579,0.0654258942248,0.0654167501445,0.0646029270018,0.0643834690757,0.0641274348285,0.0640817144273,0.0646669355636,0.064429189477,0.0642737401126,0.064502342119,0.0640542821865,0.0645480625203,0.0646120710821,0.0647766645266,0.0643011723534,0.064932113891,0.0645663506808,0.0648863934897,0.0649778342923,0.0644474776375,0.064429189477,0.0637342393776,0.0642097315508,0.0638896887419,0.0640085617852,0.063533069612,0.0631307300807,0.0625089326234,0.0622254661355,0.0624449240616,0.0627741109508,0.0636153663343,0.0632221708833,0.0637068071368,0.0637891038591,0.064035994026,0.0639902736247,0.0643560368349,0.064502342119,0.0645114861993,0.0643743249954,0.0641365789088,0.0642005874706,0.0641822993101,0.064109146668,0.0640817144273,0.0642097315508,0.0642645960324,0.0642371637916,0.0639628413839,0.0635056373712,0.0630850096795,0.0634782051304,0.0636976630566,0.0635970781737,0.0634416288094,0.0637433834578,0.0636153663343,0.0639079769024,0.0641274348285,0.0645663506808,0.0643377486744,0.0641914433903,0.0643011723534,0.0646395033228,0.0646486474031,0.0650784191751,0.0650601310146,0.0654533264655,0.0656544962311,0.0656179199101,0.066258005528,0.0656910725522,0.0658465219165,0.0656270639904,0.0657093607127,0.0654441823853,0.0656727843916,0.0650235546935,0.0644017572362,0.0643560368349,0.0634690610502,0.063569645933,0.0629387043954,0.0627649668705,0.0626826701482,0.0625729411852,0.0630301451979,0.0629021280744,0.0634324847292,0.0638256801801,0.0650692750948,0.0655721995088,0.0657459370337,0.066294581849,0.0661574206452,0.0662762936885,0.0659836831203,0.0663585904108,0.0666237687382,0.0667700740222,0.0664134548923,0.0664225989726,0.0662031410464,0.0661299884044,0.066258005528,0.0657825133547,0.0661299884044,0.0660476916821,0.0659562508795,0.0656179199101,0.0655173350273,0.0656362080706,0.0660476916821,0.0662488614477,0.0663220140897,0.0666054805777,0.0664591752936,0.06633115817,0.0660659798426,0.0660751239229,0.0665140397751,0.0665871924171,0.0662671496082,0.0665414720159,0.0667700740222,0.0670809727509,0.0673461510783,0.0676753379675,0.068159974221,0.0679222281344,0.0677942110108,0.067693626128,0.068553169672,0.0680776774987,0.068516593351,0.0688092039191,0.0679313722146,0.068159974221,0.0682879913446,0.0688823565612,0.0690012296045,0.0692298316108,0.0691749671293,0.0692481197714,0.0691749671293,0.0691932552898,0.069988790272,0.0698059086669,0.0699796461918,0.0701442396364,0.0703271212415,0.0699430698707,0.0693669928147,0.0698424849879,0.0696870356236,0.0699064935497,0.069988790272,0.070418562044,0.0707294607727,0.0699979343523,0.0701899600376,0.0705740114083,0.0708940542173,0.07135125823,0.0713786904708,0.0706563081306,0.0702631126797,0.0701076633153,0.0695041540185,0.0701350955561,0.0701533837166,0.0705922995688,0.0704094179637,0.069879061309,0.0705648673281,0.0716713010389,0.0719273352861,0.0719456234466,0.0721010728109,0.0725217005027,0.0725308445829,0.0726680057867,0.0733263795651,0.0733995322071,0.0735275493307,0.0730794893982,0.0736281342135,0.0740304737447,0.0743322283932,0.0741310586275,0.0741859231091,0.0739847533435,0.0744876777575,0.0750728988938,0.0751186192951,0.0756672641104,0.0754935265855,0.0757038404314,0.0761244681231,0.0768559945435,0.0770388761486,0.0775052242417,0.0776423854455,0.0774686479206,0.0773406307971,0.0773497748773,0.0783099033041,0.0777795466493,0.0776423854455,0.0775783768837,0.0776515295257,0.0772126136735,0.0773863511983,0.0770480202289,0.0776789617665,0.0778892756124,0.0777246821678,0.0786756665143,0.079562642299,0.0799101173487,0.0804679062443,0.0815560517946,0.0823881630978,0.0839060804202,0.0843267081119,0.0856160234279,0.0867133130585,0.0878746112509,0.0891639265668,0.0913036413465,0.0925106599402,0.0940011450217,0.0942571792689,0.0955282064243,0.0963968940485,0.0965523434129,0.0973935987963,0.0976587771237,0.0977959383276,0.0979788199327,0.0983903035441,0.098097692976,0.0990578214028,0.0989298042792,0.0992772793289,0.099963085348,0.100118534712,0.100530018324,0.100795196651,0.100859205213,0.101362129627,0.102276537653,0.102111944208,0.102422842937,0.10289833511,0.103062928554,0.103565852968,0.103593285209,0.104105353704,0.104452828753,0.104489405074,0.10435224387,0.105230075575,0.105934169755,0.105970746076,0.105604982865,0.105732999989,0.106720560656,0.106876010021,0.1061444836,0.106555967212,0.107168620589,0.107433798916,0.107900147009,0.108220189818,0.109527793295,0.109591801857,0.109253470887,0.109427208412,0.109911844665,0.110204455234,0.110259319715,0.110350760518,0.110167878913,0.110387336839,0.110369048678,0.11116458366,0.112298449612,0.113057408273,0.113935239978,0.113953528138,0.11509653817,0.115206267133,0.115178834892,0.115553742183,0.11651387061,0.116632743653,0.116852201579,0.116431573887,0.116961930542,0.117839762247,0.11759287208,0.118022643852,0.119238806526,0.11940339997,0.118900475556,0.118900475556,0.119375967729,0.119824027662,0.119549705254,0.119467408532,0.119805739501,0.119906324384,0.120034341508,0.120089205989,0.120637850805,0.121277936422,0.121652843713,0.122192344448,0.122558107658,0.122768421504,0.12296959127,0.122658692541,0.122402658294,0.123033599831,0.123033599831,0.122933014949,0.122667836621,0.123097608393,0.123582244647,0.124240618425,0.124853271802,0.1261974516,0.126983842502,0.127834241965,0.128382886781,0.128785226312,0.128611488787,0.128803514472,0.129297294806,0.12978193106,0.129754498819,0.130202558751,0.130074541628,0.130120262029,0.131052958215,0.131839349117,0.132333129451,0.132479434735,0.132964070988,0.133128664433,0.1333755546,0.133695597409,0.134527708712,0.134180233662,0.133485283563,0.133329834199,0.134033928378,0.134518564632,0.134408835669,0.134189377743,0.134527708712,0.135314099614,0.135990761553,0.137600119678,0.138459663222,0.13875227379,0.139538664692,0.140443928637,0.141010861613,0.141916125558,0.142931118466,0.142912830306,0.142665940139,0.142830533584,0.143187152714,0.14447646803,0.144430747628,0.144641061474,0.145317723413,0.145500605018,0.145025112845,0.145317723413,0.14593952087,0.146735055852,0.147548878995,0.146241275519,0.147036810501,0.147128251303,0.1469910901,0.147503158594,0.148143244212,0.148627880465,0.148600448225,0.147960362607,0.14807923565,0.149103372639,0.149533144411,0.149999492504,0.150520705078,0.150292103072,0.151133358455,0.150639578121,0.150758451165,0.15165457103,0.151901461197,0.152349521129,0.151846596715,0.151910605277,0.152157495444,0.153437666679,0.153382802198,0.153483387081,0.153657124606,0.152596411296,0.152815869222,0.152806725142,0.153538251562,0.153583971964,0.153611404204,0.1527335725,0.152596411296,0.152248936246,0.152889021864,0.153602260124,0.153071903469,0.153410234439,0.152953030426,0.152943886346,0.152651275778,0.152934742265,0.152605555376,