# R script for Peak Model
#  -- generated by MACS
p <- c(0.0370156559437,0.0431794456951,0.0494008409582,0.0561242271089,0.0627570903127,0.0632343931239,0.0627982371068,0.0630122004359,0.0633413747885,0.0631520995357,0.063316686712,0.0635224206824,0.0634977326059,0.0629710536418,0.0623703104484,0.0621481177605,0.0623620810896,0.0620658241723,0.0623209342956,0.0618107140491,0.0615720626435,0.0612346589322,0.0614486222613,0.0613334112379,0.061637897514,0.0614239341849,0.0615144571318,0.0620493654547,0.0616708149493,0.0623785398073,0.0626336499305,0.0626171912129,0.062436145319,0.062831154542,0.0625019801895,0.0629792830007,0.0627570903127,0.0627406315951,0.0625595857012,0.0622715581427,0.0622550994251,0.0625348976247,0.0625266682659,0.0621563471193,0.0624608333954,0.0619999893018,0.0616132094376,0.0611029891911,0.0613498699556,0.0617613378962,0.0614733103378,0.0613992461084,0.061152365344,0.0611029891911,0.0609137139384,0.0611688240617,0.0613992461084,0.0616049800788,0.0619176957137,0.0613004938027,0.0617448791786,0.0618436314844,0.0620658241723,0.0624937508307,0.0627982371068,0.0627324022362,0.0630204297947,0.063094494024,0.0627653196715,0.062831154542,0.0626418792893,0.0623209342956,0.06256781506,0.0624855214718,0.0623620810896,0.0627570903127,0.0623291636544,0.062436145319,0.0625431269835,0.0626007324952,0.0625184389071,0.0633084573532,0.0631274114593,0.0629134481301,0.0631603288946,0.0629134481301,0.0633578335061,0.062921677489,0.0626830260834,0.0625184389071,0.062921677489,0.0627324022362,0.0628064664656,0.0633907509413,0.0633825215825,0.0627488609539,0.0626171912129,0.0631603288946,0.0630780353064,0.0632261637651,0.0629957417183,0.0628558426185,0.0628229251832,0.0624690627542,0.0622633287839,0.0626583380069,0.0630862646652,0.0629299068478,0.0633907509413,0.0631274114593,0.0630122004359,0.062962824283,0.0627900077479,0.0623949985249,0.062345622372,0.0623291636544,0.0621974939134,0.0622221819898,0.0621563471193,0.0626418792893,0.0628393839008,0.0628393839008,0.0630451178712,0.0632179344062,0.0634648151707,0.0635224206824,0.0631356408181,0.0632097050474,0.0631274114593,0.063094494024,0.0633331454296,0.0633660628649,0.0636787784998,0.0638269069585,0.0636211729881,0.0643206684873,0.0643535859225,0.0639421179818,0.0640902464405,0.0640655583641,0.0636952372174,0.0638104482408,0.0636129436293,0.0637693014468,0.0641807693874,0.0638598243937,0.0646827602751,0.0649460997571,0.0655468429505,0.065349338339,0.0657361182032,0.065834870509,0.0658677879442,0.065703200768,0.0654069438507,0.0652917328273,0.0649790171924,0.0650366227041,0.0644276501519,0.0646580721986,0.0640655583641,0.0637281546527,0.0637281546527,0.0640408702876,0.0640161822112,0.0643453565637,0.0645017143812,0.0647156777103,0.0647979712985,0.0651189162922,0.0655386135917,0.0657690356385,0.0655550723093,0.0654480906447,0.0659007053795,0.0658184117914,0.0655879897446,0.0658019530737,0.0658184117914,0.0656702833327,0.0658924760207,0.0657525769208,0.0659418521736,0.0660076870441,0.0655633016681,0.0659994576853,0.0663615494731,0.0663533201142,0.0667483293373,0.0668799990783,0.0667977054902,0.0670528156134,0.0673079257366,0.0671844853544,0.0677111643185,0.0672091734309,0.0668141642078,0.0666413476727,0.0663780081907,0.0666824944668,0.0670857330487,0.0673408431719,0.0674560541953,0.0679498157241,0.0680485680298,0.0682543020002,0.0685670176351,0.0689620268582,0.0688550451936,0.0687233754526,0.068748063529,0.0687562928878,0.069233595699,0.0693899535165,0.0691595314697,0.0692665131343,0.0694311003105,0.0693981828753,0.0698178801748,0.0701635132449,0.0701635132449,0.0704350820858,0.0705996692621,0.0700400728627,0.0703610178565,0.0706737334914,0.0707313390031,0.0714143757846,0.071661256549,0.0714966693728,0.0715131280904,0.0717270914195,0.0712744766848,0.0718669905194,0.0719410547487,0.0719245960311,0.0727310731948,0.07227845846,0.0724759630716,0.0729944126768,0.0731343117767,0.0727886787065,0.0727969080653,0.0727886787065,0.0730684769062,0.0737515136877,0.0736445320231,0.0742864220106,0.0742864220106,0.0738667247111,0.0744510091868,0.0748460184099,0.0753644680152,0.0760228167202,0.0762943855611,0.0758088533911,0.0754467616033,0.0756195781384,0.0758006240323,0.0763602204316,0.076121569026,0.0764013672257,0.0764013672257,0.0765001195314,0.076343761714,0.0767881470899,0.0774135783597,0.0776851472006,0.0778415050181,0.0780883857825,0.0780143215531,0.0779896334767,0.0784093307762,0.0782776610352,0.0781624500118,0.0784504775703,0.0783270371881,0.0780390096296,0.0785327711584,0.0781624500118,0.0786562115406,0.0793392483221,0.0792898721693,0.0796601933159,0.0800798906154,0.0799729089508,0.0806230282971,0.0810921017494,0.0810015788025,0.081775138531,0.0823758817244,0.0824005698008,0.0828861019708,0.0831329827352,0.0831247533764,0.0833798634996,0.0832235056822,0.0831988176057,0.0838242488756,0.0844003039925,0.0853713683325,0.0866140015134,0.0868691116366,0.0881940384056,0.0901773138797,0.0916339103897,0.0933785344582,0.094711690586,0.0953618099323,0.0966373605484,0.0966209018307,0.0968595532363,0.0980692689819,0.0983655258992,0.0991061681925,0.0995011774155,0.0991226269101,0.0992954434452,0.099789204974,0.100225360991,0.100661517008,0.100694434443,0.101558517119,0.101278718919,0.101023608796,0.100661517008,0.100908397773,0.101286948278,0.102109884159,0.102060508007,0.103064489782,0.103862737587,0.103253765035,0.10432358168,0.105302875379,0.10626571036,0.106833536118,0.107623554565,0.1070968756,0.106973435218,0.106989893936,0.106998123295,0.107738765588,0.107928040841,0.107063958165,0.107080416883,0.107648242641,0.107771683023,0.108792123516,0.108956710692,0.10911306851,0.109466930939,0.109491619015,0.109960692468,0.110758940273,0.11160656423,0.111927509224,0.111779380765,0.111590105513,0.11216616063,0.112840968052,0.11313722497,0.113120766252,0.113120766252,0.112849197411,0.113194830481,0.113705050728,0.114947683909,0.116132711578,0.116815748359,0.117177840147,0.118000776029,0.119572583562,0.119918216632,0.120963345201,0.12111147366,0.120938657125,0.120395519443,0.120494271749,0.12056010662,0.120469583673,0.120395519443,0.119918216632,0.120033427656,0.120510730467,0.120774069949,0.121490024166,0.122115455435,0.122559840811,0.123012455546,0.123711951045,0.124263318086,0.125250841143,0.126073777025,0.126221905483,0.126518162401,0.126789731241,0.127003694571,0.127234116617,0.127958300193,0.128147575446,0.127999446987,0.128196951599,0.128271015828,0.12881415351,0.129702924262,0.130106162843,0.130435337196,0.130295438096,0.130262520661,0.130978474878,0.13158744743,0.132081208959,0.133002897146,0.132517364976,0.1322128787,0.132402153952,0.133241548551,0.133776456874,0.133751768798,0.13401510828,0.134434805579,0.134031566997,0.134492411091,0.135249512102,0.135488163507,0.136228805801,0.136228805801,0.136837778353,0.137471438982,0.137315081164,0.137512585776,0.138508338192,0.138302604222,0.139067934591,0.139446485097,0.139718053938,0.140417549437,0.140006081496,0.14067265956,0.141108815577,0.142121026711,0.142162173505,0.142433742346,0.14240905427,0.14233499004,0.14254895337,0.143199072716,0.14469681602,0.144293577438,0.144787338967,0.144614522432,0.145643192283,0.144927238067,0.145593816131,0.146161641889,0.146326229065,0.1462192474,0.145560898695,0.146647174059,0.146787073159,0.147289064046,0.146828219953,0.148309504539,0.148803266068,0.149642660667,0.149453385414,0.149395779903,0.150087046043,0.14969203682,0.149593284514,0.14961797259,0.150021211172,0.149840165278,0.149469844132,0.149716724896,0.150399761678,0.150967587436,0.150679559877,0.150835917695,0.151165092047,0.150942899359,0.151486037041,0.151444890247,0.151625936141,0.151938651776,0.151815211394,0.151362596659,0.151082798459,0.150959358077,0.150547890136,0.151016963589,0.150366844243,0.151082798459,0.150745394748,0.149906000149,0.150021211172,0.149799018484,0.151469578324,0.15170000037,0.151584789347,0.150687789236,0.150276321296,0.149502761567,0.14955213772,0.150095275402,0.149478073491,0.149881312073,0.148630449533,0.148153146722,0.148778577991,