# R script for Peak Model
#  -- generated by MACS
p <- c(0.0414996596566,0.0483079719489,0.055072965181,0.0615997035821,0.0687184691391,0.0685090936815,0.0687545683559,0.0682636190071,0.0677871093451,0.0682347396337,0.0677582299716,0.0676138331044,0.06736835843,0.0674261171769,0.0668701892379,0.0670940043822,0.0663648002024,0.0663070414555,0.0661843041183,0.065563397589,0.0655994968058,0.0656211563359,0.0656355960226,0.0652240649509,0.0653612419748,0.0650868879269,0.0650363490234,0.0652024054208,0.0653034832279,0.0655489579022,0.0655272983722,0.0656067166492,0.0653034832279,0.0660976659979,0.0665091970697,0.0662131834917,0.066357580359,0.0661409850581,0.0659099500705,0.0657438936731,0.0656211563359,0.0656283761793,0.0660038080342,0.0655056388421,0.0651518665172,0.0653179229146,0.065642815866,0.0655345182155,0.065722234143,0.0662348430218,0.0666896931538,0.0663936795758,0.0663648002024,0.0659243897572,0.0657727730465,0.0661770842749,0.0658449714802,0.0657727730465,0.0656572555527,0.0657077944563,0.0657872127333,0.0661482049015,0.0659749286607,0.0663864597325,0.0668629693945,0.0666030550334,0.066675253467,0.0668557495511,0.0670001464184,0.0669568273582,0.0663287009856,0.0662492827086,0.0662637223953,0.0660471270944,0.0654911991553,0.0653829015049,0.0649785902765,0.0646753568552,0.0639461526754,0.0633685652063,0.0633541255196,0.0629425944478,0.0631736294355,0.0633469056762,0.0633757850497,0.0633685652063,0.0640111312657,0.0643288043737,0.0648125338791,0.065245724481,0.0654767594686,0.0656572555527,0.0653901213482,0.0648919521561,0.064632037795,0.0645742790481,0.0643360242171,0.0640905495427,0.0639100534586,0.0638595145551,0.0637945359648,0.0638956137719,0.0641916273498,0.0651229871438,0.0651013276137,0.0651446466739,0.0652746038544,0.0652024054208,0.0655345182155,0.0655994968058,0.0661915239616,0.0661843041183,0.0660471270944,0.065325142758,0.0651518665172,0.0647980941924,0.0641844075064,0.0642566059401,0.0639028336152,0.0633902247364,0.0631591897487,0.0628054174239,0.0627693182071,0.0631591897487,0.0633108064594,0.063996691579,0.0642277265666,0.0646175981083,0.0649569307464,0.0648486330959,0.0643649035905,0.0645309599879,0.0645742790481,0.0645598393614,0.0647764346623,0.0645453996746,0.0647186759154,0.0646248179516,0.0645093004578,0.0643865631206,0.0646681370118,0.0646681370118,0.0644804210844,0.0646536973251,0.0647186759154,0.0646970163853,0.0647042362287,0.064552619518,0.0646536973251,0.0653756816615,0.0652890435411,0.0651735260473,0.0651807458907,0.0650146894933,0.0650002498066,0.0647258957587,0.0650941077703,0.0646897965419,0.0644298821808,0.0644298821808,0.06423494641,0.0644948607711,0.0644010028074,0.0642060670365,0.0640111312657,0.0644443218675,0.0644082226507,0.0645381798313,0.0646825766986,0.0645887187348,0.0649208315296,0.065108547457,0.0654262205651,0.0658160921067,0.066198743805,0.0658449714802,0.0652818236978,0.0657366738297,0.0662131834917,0.0664514383228,0.0667691114308,0.0668196503343,0.0669279479848,0.0662420628652,0.066357580359,0.0664947573829,0.0671445432857,0.0673972378034,0.0667907709609,0.0668268701777,0.0670867845388,0.0674549965504,0.0673105996831,0.0679459458991,0.0681047824531,0.0681120022965,0.0678304284053,0.0677293505982,0.0682708388505,0.0681986404169,0.0674405568636,0.0668990686113,0.0668340900211,0.0671373234423,0.0671373234423,0.0675777338875,0.0674405568636,0.0675849537309,0.0674044576468,0.0674405568636,0.0682852785372,0.0684729944647,0.0688267667895,0.0687401286692,0.0685451928983,0.0687545683559,0.0695631908127,0.0693754748852,0.0695270915958,0.0697725662702,0.0694476733188,0.0693393756684,0.0695415312826,0.0695198717525,0.0692816169215,0.0692816169215,0.068776227886,0.0691083406807,0.069570410656,0.0695631908127,0.0693104962949,0.0697942258003,0.0697870059569,0.0706317276305,0.0712454143165,0.071454789774,0.0712670738466,0.0713103929068,0.0711226769793,0.0710071594855,0.0716786049183,0.07129595322,0.07129595322,0.0705739688836,0.0704656712332,0.0702996148358,0.0712887333767,0.0720034978697,0.0717869025688,0.0725016670618,0.0721406748936,0.0725594258087,0.0724583480016,0.0730142759407,0.0729637370371,0.073158672808,0.0727976806398,0.0724150289415,0.0728265600132,0.0724872273751,0.0728482195433,0.0728770989168,0.0730575950009,0.0731514529646,0.0736424023134,0.0735846435664,0.0740467135417,0.0737723594939,0.0739889547948,0.0738445579275,0.074349946963,0.0744510247701,0.0747759177215,0.0748625558419,0.0746820597578,0.0750213923959,0.0752668670703,0.0760899292138,0.0762198863943,0.076927431044,0.0767324952732,0.0772884232122,0.0776782947539,0.0780104075486,0.0786024347045,0.0792305610771,0.0792233412338,0.0792305610771,0.0796420921489,0.0800391835339,0.0804001757021,0.0801835804012,0.0803135375817,0.0802557788348,0.0804795939791,0.0807683877137,0.0812160180022,0.0814109537731,0.0816853078209,0.0819524420254,0.0829632200963,0.0838873600469,0.0846382237568,0.0857933986951,0.0868691553563,0.0880315501379,0.0893239021001,0.0911144232544,0.0921540806988,0.0929338237821,0.0938651835761,0.0951647553816,0.0960672358021,0.096601504211,0.097691700559,0.0974823251015,0.0973668076076,0.0971141130899,0.0976628211856,0.0983703658352,0.0987530175335,0.098940733461,0.0993450446894,0.0992150875088,0.0988974144008,0.0989190739309,0.0993017256292,0.0994966614,0.0997998948213,0.099872093255,0.0995977392071,0.0994533423398,0.0996482781107,0.100196986206,0.100789013362,0.10185755018,0.102081365324,0.102752810757,0.102897207625,0.103546993527,0.103698610238,0.104268977864,0.104759927212,0.105929541837,0.105705726693,0.105915102151,0.106694845234,0.106824802415,0.106702065077,0.106665965861,0.107128035836,0.107481808161,0.107380730354,0.10724355333,0.107922218606,0.108160473437,0.108680302159,0.109055734014,0.109474484929,0.110622440024,0.110911233759,0.111611558565,0.112044749167,0.112449060395,0.112311883371,0.112607896949,0.111950891203,0.112535698516,0.113142165358,0.113069966924,0.113828050478,0.113921908441,0.114622233248,0.114586134031,0.115539153355,0.115582472415,0.11681706563,0.11677374657,0.117336894353,0.117553489654,0.117835063545,0.117149178425,0.117423532473,0.118181616026,0.11758958887,0.117712326208,0.117539049967,0.118109417593,0.117863942918,0.117770084954,0.117676226991,0.118239374773,0.117914481822,0.117387433256,0.11825381446,0.118665345532,0.119019117856,0.119452308458,0.120426987312,0.12059304371,0.121271708986,0.122008133009,0.123322144501,0.123986370091,0.124109107428,0.124643375837,0.125062126752,0.124852751295,0.12445565991,0.125473657824,0.125798550775,0.126643272449,0.126383358088,0.126830988376,0.127863425977,0.128621509531,0.12922075653,0.13012323695,0.130664725203,0.130679164889,0.131278411889,0.131567205623,0.13241914714,0.132606863068,0.13228918996,0.132036495442,0.131942637478,0.131336170636,0.131487787346,0.131834339828,0.131466127816,0.13155998578,0.131957077165,0.131957077165,0.133040053669,0.133697059416,0.134635639053,0.135682516341,0.136584996761,0.137047066736,0.137956767,0.138093944024,0.138238340892,0.138844807734,0.138534354469,0.139379076143,0.139675089721,0.140036081889,0.139696749251,0.139451274577,0.139234679276,0.139530692854,0.13943683489,0.139046963348,0.13935019677,0.139039743505,0.13935019677,0.139999982672,0.140433173274,0.141126278237,0.141241795731,0.14168942602,0.142447509573,0.143725421848,0.144252470414,0.144700100702,0.144627902269,0.144469065715,0.145566481906,0.145963573291,0.146093530472,0.146245147182,0.145963573291,0.146042991568,0.146310125773,0.146627798881,0.146685557627,0.146678337784,0.145855275641,0.145804736737,0.14656282029,0.146656678254,0.147826292879,0.148627695492,0.148396660505,0.148230604107,0.148916489227,0.14958793466,0.150208841189,0.150540953984,0.150302699153,0.15033879837,0.149638473563,0.149364119516,0.149977806201,0.150613152418,0.150808088188,0.15042543649,0.15033879837,0.150216061033,0.150620372261,0.15115464067,0.150721450068,0.150533734141,0.15031713884,0.150100543539,0.149573494973,0.149501296539,0.150107763382,0.149862288708,0.149320800455,